Code/Input/cmp_ro.grd
ncols         720
nrows         277
xllcorner     -180
yllcorner     -55.5
cellsize      0.5
NODATA_value  -9999
[rows 99 to 131 of 277, columns 444 to 517 of 720]
-1e-06 -2e-06 1e-06 1e-06 -1e-06 0 -1e-06 0 3e-06 85.42693 96.79126 143.3766 665.314 530.201 712.0378 143.6411 67.03011 67.99876 0 49.03748 72.6271 99.58546 27.92825 48.30009 1.125026 1e-06 25.56455 -3e-06 21.84811 -2e-06 6.273059 4.197832 4.461763 4.317551 9.144053 29.49596 16.16522 -1e-06 -1e-06 0 -2e-06 2e-06 102.7248 89.36155 123.3138 7.311261 0.277351 102.2087 116.345 168.8953 164.2694 126.9171 146.2011 140.9824 19.53731 9e-06 3.123824 6e-06 1e-06 6e-06 4e-06 1e-05 -1.9e-05 2.384097 -5e-06 258.9769 106.7598 380.0786 913.9877 1254.567 1026.828 663.6278 340.1344 66.02763
0 -3e-06 0 0 -1e-06 1e-06 -1e-06 0 0 -5e-06 26.01795 23.0457 92.47752 272.0107 406.6544 355.9198 147.9174 54.16187 0 -1e-06 9.362141 252.4552 104.408 3.270337 1e-06 2e-06 17.8853 12.87051 9.653287 1.990257 -1e-06 -2e-06 1e-06 0 25.06774 8.942786 1.512551 -2e-06 1e-06 2.577683 0 -1e-06 23.60421 72.73546 82.54311 42.4396 2e-06 0 114.3217 182.9411 120.7202 105.467 116.0446 136.8234 50.51814 105.1364 -2e-06 2e-06 1e-06 2e-06 -2e-06 3e-06 -8e-06 3.106717 0 134.7625 230.4168 855.9812 1142.171 1928.407 1771.751 1443.632 831.8426 282.5746
0 -1e-06 0 1e-06 0 -1e-06 1e-06 2e-06 -4e-06 0 -2e-06 1e-06 15.14578 0.974326 105.7603 366.4436 532.5841 238.0287 15.3625 -3e-06 0.697213 37.5648 116.8922 1.321684 2e-06 0 1e-06 8.82972 0 -1e-06 0 0 -1e-06 1e-06 4.118099 3.01264 1.809148 1e-06 -1e-06 0 1.934882 0 0.539219 10.3161 29.43864 -1e-06 -1e-06 -1e-06 128.598 178.7913 163.2691 117.5769 97.95712 66.87506 6.729197 1e-06 2e-06 1e-06 6e-06 -3e-06 2e-06 -6e-06 8e-06 6e-06 1e-06 3.127175 82.55336 443.7296 1302.21 1953.553 1798.522 2006.538 1421.005 417.8731
1e-06 0 -1e-06 2e-06 -1e-06 -2e-06 0 1e-06 2e-06 0 -1e-06 0 -1e-06 1e-05 192.2234 255.944 511.3497 275.2285 49.14848 47.01489 20.56853 5e-06 2e-06 9.187933 11.8626 6.465392 0 6.096992 1.592057 0 0 -3e-06 0 -2e-06 1e-06 0 0 1e-06 1e-06 1e-06 0 0 -1e-06 -1e-06 -1e-06 -2e-06 -3e-06 -1e-06 6e-06 111.6209 150.3025 116.6942 76.12874 19.36645 12.16034 -1e-06 0 -1e-06 -2e-06 1e-06 0 1e-06 3e-06 3e-06 0 0 7e-06 121.059 380.3471 689.7863 964.4482 1836.298 1528.132 1179.22
1e-06 -1e-06 -2e-06 1e-06 0 -1e-06 0 1e-06 1e-06 2e-06 -1e-06 -1e-06 -1e-06 -4e-06 7e-06 39.94029 132.9785 199.3168 129.2619 40.85599 23.5996 6.439891 -4e-06 -3e-06 0 10.53412 -1e-06 -1e-06 0 0 -1e-06 -1e-06 -3e-06 0 0 1e-06 2e-06 1e-06 0 0 1e-06 0 2e-06 -2e-06 -2e-06 0 1e-06 -1e-06 51.90473 84.93147 84.07796 72.65842 42.52274 18.20436 1e-06 0 0 0 2e-06 2e-06 3e-06 -1e-06 1e-06 2e-06 0 -5e-06 1e-05 -1e-05 25.43353 315.0441 660.5464 1104.967 1842.039 0
-3e-06 0 -2e-06 1e-06 0 1e-06 0 0 1e-06 -3e-06 0 2e-06 -2e-06 1.046368 -1e-06 4.193398 55.6679 30.79651 122.1134 173.2286 20.6311 29.20823 41.73076 0 15.76038 16.94271 0 0 1e-06 1e-06 0 2e-06 1e-06 2e-06 2e-06 0 1e-06 -1e-06 -1e-06 -1e-06 0 0 0 2e-06 -1e-06 1e-06 -2e-06 1e-06 -1e-06 5e-06 63.53981 48.15164 12.06334 4e-06 -5e-06 -1e-06 1e-06 0 -5e-06 1e-06 2e-06 -6e-06 -4e-06 1e-06 3e-06 4e-06 4e-06 -9e-06 -8e-06 130.0367 708.892 1217.575 1588.741 1826.563
-2e-06 -1e-06 -1e-06 1e-06 1e-06 -1e-06 -1e-06 0 -3e-06 0 0 -1e-06 0 -3e-06 -9999 0 14.17364 24.75445 1.214151 9.044064 17.38371 121.536 66.89146 85.18218 -2e-06 3e-06 8.14713 1e-06 -1e-06 1e-06 3.389357 0 1e-06 -2e-06 0 -1e-06 1e-06 1e-06 -9999 -1e-06 -1e-06 0 0 2e-06 -2e-06 0 0 -1e-06 18.0461 -2e-06 110.8302 7.991674 0.058851 0 3e-06 -4e-06 3e-06 -1e-06 2e-06 2e-06 1e-06 0 4e-06 8e-06 4e-06 -5e-06 -4e-06 -6e-06 10.40664 6e-06 167.6041 776.8998 1214.509 954.6383
0 -2e-06 0 -1e-06 0 -2e-06 -1e-06 -1e-06 -2e-06 1e-06 1e-06 1e-06 -2e-06 -9999 -9999 -9999 -9999 -2e-06 1e-06 9.098767 33.33942 59.88343 86.78636 86.47569 -2e-06 42.56479 3e-06 2.884228 26.68563 7.854674 13.15295 5.108572 -1e-06 -9999 1e-06 3e-06 0 0 -1e-06 0 -1e-06 0 -1e-06 0 -1e-06 -1e-06 0 2e-06 1e-06 4e-06 15.49021 -1e-06 1e-06 -3e-06 1e-06 -1e-06 3e-06 -1e-06 -1e-06 0 -2e-06 -1e-06 -5e-06 -2e-06 -5e-06 -1e-06 6e-06 -7e-06 -1.7e-05 -2e-06 28.3826 188.5105 300.912 523.078
0 -2e-06 0 -1e-06 -2e-06 -2e-06 -2e-06 0 1e-06 -1e-06 0 -2e-06 -9999 -9999 -9999 -9999 -9999 -2e-06 -3e-06 0.729673 120.8119 32.55093 109.0881 154.2252 75.20561 32.41789 1e-06 -2e-06 -2e-06 12.95554 35.25476 6.499424 -1e-06 1e-06 2e-06 -2e-06 -1e-06 -1e-06 0 1e-06 1e-06 -1e-06 0 1e-06 0 -2e-06 1e-06 1e-06 7.282695 23.0491 0 1e-06 -2e-06 -1e-06 3e-06 1e-06 -2e-06 0 3e-06 1e-06 1e-06 -5e-06 0 -4e-06 -1e-06 -1e-06 3e-06 2e-06 6e-06 8e-06 -5e-06 75.23582 127.9212 163.9713
1e-06 0 0 1e-06 0 -2e-06 -1e-06 5e-06 0 -2e-06 2e-06 -1e-06 3e-06 -9999 -9999 -9999 -9999 -9999 2e-06 1.545357 14.57403 38.25933 16.85721 21.24314 12.36415 49.30219 -1e-06 11.15049 1.269171 4.604138 1.874634 2e-06 52.71198 -3e-06 0 3e-06 1e-06 1.613693 0 0 -1e-06 0 0 -1e-06 0 2e-06 1e-06 1e-06 10.86206 9.47784 2e-06 0 0 -1e-06 0 1e-06 0 2e-06 0 -2e-06 1e-06 2e-06 -5e-06 4e-06 1e-06 -4e-06 -1e-06 -5e-06 -2e-06 1.4e-05 -1e-05 7.325692 16.11955 73.85931
-3e-06 0 0 1e-06 2e-06 0 2e-06 4e-06 -2e-06 0 1e-06 -1e-06 1e-06 -9999 -9999 -9999 -9999 -9999 -9999 0.410171 3.839951 1e-06 0 -2e-06 0 0 6e-06 0 0 1e-06 1e-06 1e-06 -2e-06 1e-06 -1e-06 2e-06 -2e-06 8.293592 29.60605 11.23258 0 0 -9999 1e-06 1e-06 -1e-06 1e-06 1e-06 7.212445 1.810345 0 -1e-06 -2e-06 1e-06 0 0 -2e-06 1e-06 3e-06 -2e-06 -2e-06 5e-06 -2e-06 -5e-06 4e-06 -5e-06 8e-06 2e-06 -1.2e-05 -7e-06 -1e-06 7e-06 1.1e-05 4.092851
1e-06 0 0 -1e-06 -1e-06 -2e-06 0 -2e-06 0 -2e-06 -2e-06 1e-06 2e-06 1e-06 -9999 -9999 -9999 -9999 -9999 -9999 2e-06 1e-06 -2e-06 -4e-06 0 1e-06 2e-06 0 -1e-06 1e-06 0 1e-06 0 -2e-06 0 -2e-06 1e-06 -2e-06 10.47788 2.010693 0 3e-06 1e-06 -1e-06 0 0 0 5.76855 8.273289 1.577821 -2e-06 0 1e-06 0 0 1e-06 -2e-06 -3e-06 -4e-06 1e-06 -4e-06 0 0 5e-06 -4e-06 0 -4e-06 1.4e-05 16.54112 28.37166 4e-06 4e-06 2e-06 8e-06
0 2e-06 0 0 0 3e-06 2e-06 2e-06 0 2e-06 1e-06 1e-06 -1e-06 0 0 -9999 -9999 -9999 -9999 -9999 -9999 -1e-06 2e-06 2e-06 0 6e-06 0 2e-06 1e-06 2e-06 1e-06 1e-06 -1e-06 -9999 3e-06 2e-06 -1e-06 -1e-06 -1e-06 -1e-06 1e-06 -1e-06 1e-06 0 0 0 1e-06 0.78576 10.87652 6.89796 1e-06 -2e-06 0 0 0 -4e-06 2e-06 1e-06 -7e-06 0 -3e-06 1e-06 6e-06 -6e-06 -3e-06 7e-06 0 -5e-06 1.2e-05 65.89441 -4e-06 -5e-06 7e-06 0
0 1e-06 -2e-06 -1e-06 -4e-06 2e-06 -2e-06 0 0 -2e-06 -1e-06 0 -1e-06 0 -1e-06 -1e-06 -9999 -9999 -9999 -9999 -9999 -9999 -9999 -4e-06 1e-06 -2e-06 0 -9999 -9999 -9999 1e-06 7.161528 -1e-06 1e-06 -1e-06 2e-06 0 -2e-06 0 0 -3e-06 -1e-06 1e-06 1e-06 -2e-06 0 -4e-06 -2e-06 1e-06 -1e-06 2e-06 -2e-06 5e-06 0 0 1e-06 5e-06 3e-06 0 -2e-06 0 2e-06 3e-06 4e-06 -1.1e-05 7e-06 1.5e-05 -7e-06 5e-06 2e-06 5e-06 0 1e-05 1e-06
-1e-06 1e-06 -1e-06 -1e-06 -3e-06 2e-06 -1e-06 2e-06 -1e-06 2e-06 1e-06 -1e-06 -3e-06 1e-06 0 2e-06 -9999 -9999 -9999 -9999 -9999 -9999 -9999 -9999 -9999 -9999 -9999 -9999 -9999 -9999 0 2e-06 -9999 0 1e-06 -2e-06 0 -1e-06 1e-06 3e-06 -4e-06 -1e-06 2e-06 -3e-06 2e-06 -1e-06 0 -3e-06 4e-06 1e-06 0 0 0 -1e-06 -1e-06 -3e-06 0 -3e-06 -1e-06 -1e-06 -3e-06 -1e-06 -2e-06 -4e-06 5e-06 -8e-06 -1e-05 27.40197 109.5429 266.2893 9.566401 31.00675 61.63079 10.68179
0 -1e-06 -1e-06 2e-06 -2e-06 0 0 -2e-06 0 -3e-06 -1e-06 -1e-06 1e-06 2e-06 -3e-06 1e-06 -9999 -9999 -1e-06 -9999 -9999 -9999 -9999 -9999 -9999 -9999 -9999 -9999 59.31736 -9999 -9999 0 -2e-06 1e-06 -1e-06 -3e-06 0 -1e-06 -2e-06 -1e-06 -1e-06 -1e-06 0 0 -1e-06 -1e-06 2e-06 0 -3e-06 1e-06 0 -2e-06 1e-06 -4e-06 3e-06 1e-06 -1e-06 -3e-06 1e-06 9e-06 -4e-06 5e-06 5e-06 -7e-06 3e-06 24.5909 93.91233 86.37461 268.3828 210.8844 105.6387 87.04456 11.41651 24.98241
-3e-06 1e-06 -2e-06 -1e-06 -1e-06 1e-06 -1e-06 -4e-06 -1e-06 -3e-06 1e-06 0 -3e-06 1e-06 -2e-06 -1e-06 0 1e-06 2e-06 -9999 -9999 -9999 -9999 -9999 -9999 -9999 -9999 33.84624 71.34716 -9999 -9999 -9999 -9999 -9999 -9999 -9999 -9999 -9999 -1e-06 3e-06 0 -2e-06 2e-06 -9999 -9999 0 -9999 -9999 -9999 2e-06 4e-06 1e-06 1e-06 -1e-06 -1e-06 -4e-06 0 1e-06 5e-06 -4e-06 -4e-06 8e-06 2e-06 6e-06 1.130935 60.44123 102.6245 173.6965 258.8062 329.8912 162.6354 74.22702 62.69341 61.59621
1e-06 1e-06 0 -2e-06 2e-06 0 1e-06 0 1e-06 0 -2e-06 1e-06 -1e-06 0 -1e-06 -1e-06 0 1e-06 2e-06 -9999 -9999 -9999 -9999 -9999 -9999 -9999 18.70282 1e-06 42.5684 -9999 -9999 -9999 -9999 -9999 -9999 -9999 -9999 -9999 -9999 -9999 -9999 -9999 -9999 -9999 -9999 -9999 -9999 -9999 -9999 -9999 7e-06 0 4e-06 3e-06 0 -2e-06 -3e-06 -1e-06 -1.2e-05 2e-06 138.156 637.4845 124.9332 8e-06 79.06302 169.2495 171.3306 333.21 394.0274 431.8044 489.8911 394.4139 150.9627 112.7483
-1e-06 3e-06 0 0 -1e-06 -1e-06 2e-06 -2e-06 -1e-06 1e-06 -1e-06 0 -1e-06 1e-06 -1e-06 -1e-06 0 -1e-06 1e-06 -9999 -9999 -9999 -9999 -9999 -3e-06 0 18.6909 41.3594 63.35021 45.99715 -9999 -9999 -9999 -9999 -9999 -9999 -9999 -9999 -9999 -9999 -9999 -9999 -9999 -9999 -9999 -9999 -9999 -9999 -9999 -9999 -9999 1e-06 4e-06 8e-06 -3e-06 3e-06 1e-05 -1.1e-05 37.72806 -3e-06 6e-06 167.608 48.31518 236.0687 133.5071 306.3184 322.2572 383.8454 444.2097 514.5175 489.8224 452.1381 392.2032 275.1333
1e-06 2e-06 3e-06 0 0 -3e-06 3e-06 1e-06 1e-06 1e-06 1e-06 -2e-06 1e-06 -3e-06 2e-06 1e-06 0 1e-06 -2e-06 1e-06 0 -1e-06 -1e-06 0 1e-06 0 16.246 -1e-06 58.13521 59.00632 14.55508 -1e-06 -9999 -9999 -9999 -9999 -9999 -9999 -9999 -9999 -9999 -9999 -9999 -9999 -9999 -9999 -9999 -9999 -9999 -9999 -9999 -9999 1e-06 -1e-06 -7e-06 -2e-06 -8e-06 9e-06 -3e-06 1e-06 3.018184 23.86288 104.211 111.08 620.4875 333.6632 341.9313 338.9048 373.7368 517.9507 482.5558 481.4763 375.8533 381.4149
1e-06 -1e-06 -1e-06 -1e-06 -4e-06 -2e-06 2e-06 -3e-06 -1e-06 0 2e-06 2e-06 0 1e-06 0 3e-06 1e-06 0 -1e-06 1e-06 -1e-06 2e-06 -1e-06 0 -1e-06 1e-06 0 -1e-06 0 36.99015 37.85 -3e-06 1e-06 0 -9999 -9999 -9999 -9999 -9999 -9999 -9999 -9999 -9999 -9999 -9999 -9999 -9999 -9999 -9999 -9999 -9999 -9999 -9999 3e-06 17.29219 -7e-06 2e-06 1.2e-05 1.8e-05 0 15.6996 80.12556 116.0932 440.6268 614.0594 745.316 365.1826 344.706 383.9627 486.203 505.986 529.0563 459.4769 423.9344
-2e-06 1e-06 -1e-06 0 -1e-06 -1e-06 -2e-06 -1e-06 -3e-06 1e-06 1e-06 0 0 -1e-06 1e-06 0 0 0 0 -1e-06 1e-06 -1e-06 5e-06 0 0 0 -3e-06 -1e-06 1e-06 -2e-06 0 0 3e-06 0 0 -9999 -9999 -9999 -9999 -9999 -9999 -9999 -9999 -9999 -9999 -9999 -9999 -9999 -9999 -9999 -9999 -9999 -9999 -9999 -9999 -9999 1.1e-05 -1e-06 -1.1e-05 4.011015 15.10031 65.5794 328.433 536.3085 71.91804 198.3883 261.7622 328.2176 288.3603 317.2515 379.7471 425.45 658.5786 521.7816
-3e-06 -3e-06 2e-06 -3e-06 1e-06 1e-06 -4e-06 1e-06 -4e-06 0 0 -1e-06 -3e-06 -1e-06 -2e-06 1e-06 0 0 2e-06 1e-06 1e-06 2e-06 3e-06 2e-06 3e-06 0 0 0 -9999 -3e-06 0 -2e-06 0 -1e-06 1e-06 1e-06 -9999 -9999 -9999 -9999 -9999 -9999 -9999 -9999 -9999 -9999 -9999 -9999 -9999 -9999 -9999 -9999 -9999 -9999 2e-06 1.2e-05 4.400741 49.74059 46.40822 9.754027 1.085692 51.21978 724.6101 69.14008 20.90568 47.03181 123.542 166.6266 131.0058 254.8108 345.9685 485.316 909.7499 1065.508
3e-06 -3e-06 2e-06 2e-06 0 1e-06 0 2e-06 -2e-06 3e-06 1e-06 1e-06 2e-06 0 1e-06 1e-06 0 2e-06 1e-06 -3e-06 1e-06 -1e-06 -6e-06 -2e-06 1e-06 -1e-06 -1e-06 -9999 0 0 -2e-06 -1e-06 2e-06 0 -2e-06 -9999 -9999 -9999 -9999 -9999 -9999 -9999 -9999 -9999 -9999 -9999 -9999 -9999 -9999 -9999 -9999 -9999 -9999 -9999 -9999 5.313983 0.951459 0.013127 3e-06 2.685008 -9999 191.2182 212.8873 237.7117 80.33735 5.192002 85.15921 187.2371 54.60614 527.5283 1253.091 1099.291 667.2194 514.5597
-1e-06 1e-06 -1e-06 3e-06 3e-06 -2e-06 -1e-06 2e-06 -1e-06 4e-06 2e-06 2e-06 0 0 -2e-06 1e-06 -1e-06 -1e-06 -1e-06 1e-06 1e-06 -2e-06 -3e-06 0 1e-06 2e-06 1e-06 -1e-06 0 1e-06 0 2e-06 1e-06 0 -9999 -9999 -9999 -9999 -9999 -9999 -9999 -9999 -9999 -9999 -9999 -9999 -9999 -9999 -9999 -9999 -9999 -9999 -9999 -9999 -9999 -9999 -3e-06 32.43832 6e-06 27.20412 -9999 255.024 587.7142 706.2309 0 6.372617 79.96064 185.0261 147.9338 645.3477 860.8128 452.9834 457.2013 380.4381
4e-06 3e-06 0 -1e-06 -2e-06 -2e-06 -2e-06 3e-06 -1e-06 2e-06 1e-06 -1e-06 4e-06 0 -1e-06 -2e-06 2e-06 1e-06 1e-06 0 2e-06 0 1e-06 -1e-06 2e-06 -1e-06 -1e-06 0 0 0 0 -1e-06 0 -9999 -9999 -9999 -9999 -9999 -9999 -9999 -9999 -9999 -9999 -9999 -9999 -9999 -9999 -9999 -9999 -9999 -9999 -9999 -9999 -9999 -9999 -9999 -9999 1e-06 -9999 -9999 -9999 -9999 1025.768 899.8645 109.8154 -2e-06 29.6412 48.76693 5.855633 166.3611 179.4404 190.679 321.019 408.872
-2e-06 -4e-06 1e-06 -1e-06 -1e-06 -2e-06 2e-06 2e-06 -2e-06 3e-06 2e-06 -1e-06 1e-06 -1e-06 0 -2e-06 -1e-06 1e-06 -2e-06 0 1e-06 -1e-06 1e-06 -1e-06 1e-06 0 2e-06 0 0 1e-06 0 0 -9999 -9999 -9999 -9999 -9999 -9999 -9999 -9999 -9999 -9999 -9999 -9999 -9999 -9999 -9999 -9999 -9999 -9999 -9999 -9999 -9999 -9999 -9999 -9999 -9999 -9999 -9999 -9999 -9999 -9999 606.4403 198.0092 81.7327 -4e-06 69.00462 7.77954 6.781789 102.2768 207.9678 256.4908 355.4221 395.0594
-2e-06 1e-06 1e-06 2e-06 -3e-06 1e-06 -3e-06 0 -4e-06 3e-06 0 -1e-06 0 2e-06 1e-06 1e-06 0 -1e-06 0 -1e-06 0 2e-06 -2e-06 0 -1e-06 1e-06 0 -1e-06 0 -1e-06 0 -9999 -9999 -9999 -9999 -9999 -9999 -9999 -9999 -9999 -9999 -9999 -9999 -9999 -9999 -9999 -9999 -9999 -9999 -9999 -9999 -9999 -9999 -9999 -9999 -9999 -9999 -9999 -9999 -9999 -9999 923.4424 662.4252 196.5432 139.3538 14.21559 28.72322 26.1348 17.88473 102.5508 191.5846 185.3917 308.6515 225.907
2e-06 -1e-06 0 2e-06 2e-06 0 -1e-06 -1e-06 -3e-06 4e-06 -3e-06 0 0 1e-06 1e-06 2e-06 0 -1e-06 0 0 1e-06 0 0 0 0 0 0 0 -1e-06 0 0 -1e-06 -9999 -9999 -9999 -9999 -9999 -9999 -9999 -9999 -9999 -9999 -9999 -9999 -9999 -9999 -9999 -9999 -9999 -9999 -9999 -9999 -9999 -9999 -9999 -9999 -9999 -9999 -9999 -9999 -9999 -9999 991.2133 93.64126 81.35373 -2e-06 4.500289 28.64559 34.03825 80.5837 137.5506 144.7564 320.3831 187.1544
0.902437 -1e-06 -1e-06 -1e-06 4e-06 0 1e-06 2e-06 1e-06 1e-06 0 2e-06 1e-06 1e-06 0 -2e-06 1e-06 1e-06 1e-06 0 0 2e-06 -1e-06 -1e-06 2e-06 -2e-06 1e-06 0 -1e-06 -3e-06 -9999 -9999 -9999 -9999 -9999 -9999 -9999 -9999 -9999 -9999 -9999 -9999 -9999 -9999 -9999 -9999 -9999 -9999 -9999 -9999 -9999 -9999 -9999 -9999 -9999 -9999 -9999 -9999 -9999 -9999 -9999 -9999 1154.517 282.5009 194.5546 54.82096 0 17.34834 89.00648 130.0545 175.8056 248.8335 305.4423 192.2709
0 2e-06 2e-06 0 -2e-06 -4e-06 1e-06 -4e-06 0 1e-06 0 -3e-06 0 -1e-06 1e-06 0 -2e-06 -1e-06 -2e-06 -1e-06 1e-06 -1e-06 1e-06 1e-06 1e-06 1e-06 -1e-06 -1e-06 2e-06 -9999 -9999 -9999 -9999 -9999 -9999 -9999 -9999 -9999 -9999 -9999 -9999 -9999 -9999 -9999 -9999 -9999 -9999 -9999 -9999 -9999 -9999 -9999 -9999 -9999 -9999 -9999 -9999 -9999 -9999 -9999 -9999 -9999 1978.522 2426.437 1018.656 269.1966 -2e-06 6.836977 91.736 90.11471 152.6785 179.4747 121.8204 43.46101
2e-06 -2e-06 0 0 3e-06 -3e-06 -3e-06 1e-06 2e-06 -1e-06 1e-06 -1e-06 0 2e-06 0 0 0 1e-06 0 -1e-06 0 -1e-06 2e-06 2e-06 -1e-06 0 1e-06 -9999 -9999 -9999 -9999 -9999 -9999 -9999 -9999 -9999 -9999 -9999 -9999 -9999 -9999 -9999 -9999 -9999 -9999 -9999 -9999 -9999 -9999 -9999 -9999 -9999 -9999 -9999 -9999 -9999 -9999 -9999 -9999 -9999 -9999 -9999 2278.867 5147.498 2317.147 513.105 24.65699 40.97775 8.912334 47.39319 97.68469 132.7849 1.853408 -6e-06
-9999 0 -2e-06 -1e-06 -6e-06 2e-06 -4e-06 -2e-06 2e-06 1e-06 1e-06 0 -1e-06 1e-06 0 0 0 1e-06 2e-06 -1e-06 1e-06 -1e-06 0 1e-06 -1e-06 -1e-06 -9999 -9999 -9999 -9999 -9999 -9999 -9999 -9999 -9999 -9999 -9999 -9999 -9999 -9999 -9999 -9999 -9999 -9999 -9999 -9999 -9999 -9999 -9999 -9999 -9999 -9999 -9999 -9999 -9999 -9999 -9999 -9999 -9999 -9999 -9999 -9999 1958.646 2103.169 1249.782 435.9883 19.27449 3e-06 -5e-06 -1e-06 10.0385 55.74705 1e-06 5e-06
