Code/Input/cmp_ro.grd
ncols         720
nrows         277
xllcorner     -180
yllcorner     -55.5
cellsize      0.5
NODATA_value  -9999
[rows 33 to 65 of 277, columns 592 to 665 of 720]
30.04479 21.78759 12.5191 8.062703 8.118004 -5e-06 5e-06 3.897108 1e-05 1e-05 2.558775 0.674641 -1.9e-05 5e-06 1.4e-05 0 0 -1.4e-05 -2e-06 0.535272 3.199822 4.779858 0.23428 40.71301 1132.366 922.317 115.383 -0.000171 18.01184 7.426911 5.7e-05 0 5.7e-05 5.7e-05 -5.7e-05 1.885903 0.541801 2.895783 6.179468 0 2.166193 5.704865 -5.7e-05 2.8e-05 5.7e-05 5.7e-05 -0.000142 609.0757 19.54931 -0.000114 -1e-05 39.12299 4.2e-05 0 -3.7e-05 -1e-05 -1.6e-05 19.9911 252.183 268.0057 256.8233 177.7369 74.50415 0.471587 0.544641 1.7e-05 3e-06 -2.3e-05 1.4e-05 -1.4e-05 -3e-06 3e-06 0.017164 0.927021
93.79453 46.18787 6.371207 3.251328 1.605362 0.211422 -1.4e-05 -1e-05 5e-06 -1.4e-05 -2e-06 -2e-06 -2e-06 1.9e-05 0 5e-06 5e-06 5e-06 2e-06 0 5e-06 0 60.02934 0.075911 -1.4e-05 -7e-06 136.5491 452.989 247.3059 0 -0.000114 0 0 0.564431 6.022176 5.137672 3.391278 4.082662 4.447812 -5.7e-05 2.8e-05 0 8.929579 5.7e-05 4.322729 11.15741 872.8655 0 0 -2.8e-05 814.1624 0.000114 0 -2.1e-05 -1e-05 -1.6e-05 2.1e-05 2.6e-05 0.693493 1.227016 0.130589 459.6254 450.4813 419.2501 287.2262 1.310086 1.711984 -3e-06 8e-06 0.201091 3e-06 -1.7e-05 13.42941 1.217561
1.807438 -8.4e-05 -5.6e-05 1e-05 -7e-06 -5e-06 -2.2e-05 1e-05 1e-05 -5e-06 1e-05 5e-06 0 -1e-05 -1e-05 -5e-06 0 -1e-05 -1.2e-05 1.7e-05 -1.9e-05 0 1e-05 84.03757 57.38101 5e-06 97.98602 1287.443 849.8029 179.1289 1.365845 5.063951 464.2358 118.8003 158.8939 17.08183 11.65103 1.421651 19.07395 2.8e-05 8.5e-05 5.7e-05 4.390561 8.20326 1.775919 2.434939 -0.000114 -5.7e-05 -0.000114 0.000142 5.965959 1e-05 1.8e-05 -1.6e-05 -5e-06 248.8168 306.8657 0.093603 436.3016 454.3011 552.7271 0.970877 170.0014 718.0591 241.7336 5.484702 366.2019 3e-06 6e-06 6e-06 -3e-06 21.828 0.018713 13.56008
-8.4e-05 -5.6e-05 2.8e-05 1.4e-05 5e-06 5e-06 0 -5e-06 104.0652 0 1e-05 2e-06 -1e-05 -1e-05 -1.4e-05 1e-05 0 -5e-06 -5e-06 0 5e-06 0 0.670786 100.7806 146.436 91.66968 96.09382 151.3892 1577.38 62.54595 86.51076 161.1254 101.9264 1158.775 1471.49 1215.384 690.8922 445.7205 716.5613 0.076237 0.025363 0.724599 5e-06 0.636951 0.658163 0.866166 0.42297 2.438881 10.69512 1.6e-05 1e-05 1e-05 0 -1.6e-05 -2.1e-05 -1e-05 96.73596 86.00469 212.1865 423.3199 694.7458 652.1148 387.835 4.075591 0.885802 257.2762 303.019 0.924325 0.185495 8e-06 -1.4e-05 0.606176 0.75364 1.492351
2.8e-05 5.6e-05 2.8e-05 -1e-05 5e-06 -1e-05 0 -1e-05 -5e-06 101.0615 -5e-06 5e-06 -1e-05 0 1.4e-05 5e-06 -5e-06 1.9e-05 -1e-05 1.9e-05 -5e-06 5e-06 1e-05 0 -1.4e-05 1e-05 85.03857 0.707998 0 0.633148 19.06508 101.5323 2e-06 376.0345 188.8455 2090.237 78.47542 1165.671 55.6244 1e-05 -1e-05 0.011179 0 0 0.942775 0.828129 -5.7e-05 0 1e-05 1e-05 -1e-05 5e-06 -1e-05 2.1e-05 21.20032 346.2783 131.2235 1.015859 185.2025 2.692643 283.6176 560.2863 649.1278 571.2354 278.9357 20.38968 1.287848 1.699717 101.144 98.54187 0.785187 0.322498 1.109131 48.87231
-5.6e-05 0 1.4e-05 -1.9e-05 -1e-05 0 0 -1e-05 5e-06 -5e-06 1e-05 -1e-05 -5e-06 1.4e-05 0 5e-06 -5e-06 5e-06 -1.9e-05 1.9e-05 -5e-06 1e-05 1.4e-05 0 -5e-06 -5e-06 -1e-05 -5e-06 0 1.9e-05 0 7e-06 7e-06 -7e-06 13.74827 -1e-05 0.012634 2.30316 63.63619 0.043172 0.753302 0 2e-06 1.691133 2e-06 -5e-06 0 0 0 0.249981 0 -8e-06 -1e-05 -3.1e-05 -2.1e-05 0.083421 444.4278 345.553 194.4512 2.912432 278.2071 449.3691 546.8128 708.39 301.9854 203.9794 340.0623 90.61006 81.49263 82.54712 269.1572 96.24945 1.295071 73.68069
-9.9e-05 -9.9e-05 1.9e-05 0 5e-06 5e-06 1.9e-05 -5e-06 -1.9e-05 -1e-05 5e-06 -5e-06 -5e-06 5e-06 1.4e-05 5e-06 1e-05 -5e-06 5e-06 -1e-05 -1.4e-05 0 -1.4e-05 -1.4e-05 5e-06 1.9e-05 0 -1e-05 -1.4e-05 1e-05 0 -1e-05 0 0 -1e-05 0 0 5e-06 -5e-06 1.4e-05 5e-06 -7e-06 -7e-06 0.005027 10.98517 0.689459 0 -0.000114 1e-05 5e-06 0 -1e-05 0 0.253417 0.329855 1.228007 341.7916 446.1094 371.5492 439.5051 409.1408 51.8149 190.6659 79.39735 402.3774 336.9977 44.61142 121.844 83.46877 144.3808 409.6838 92.68732 66.70525 107.9365
-7e-06 -2e-06 -1e-05 1.9e-05 -1e-05 1e-05 -1.4e-05 -5e-06 5e-06 0 0 1.4e-05 -1.4e-05 5e-06 -5e-06 -5e-06 1.4e-05 0 1e-05 -5e-06 -5e-06 -5e-06 -1.9e-05 -1.4e-05 -1e-05 0 -5e-06 -1.4e-05 1.4e-05 0 1.9e-05 -5e-06 -1e-05 0 -1e-05 1.4e-05 0 -1.4e-05 5e-06 1.9e-05 0 0 -5e-06 -1e-05 7e-06 0.745277 53.25949 83.49128 0 302.0459 6.673928 8.875248 79.74591 149.9168 2.079897 0.72644 194.4397 181.0663 554.0731 364.9003 329.0073 19.24019 146.7413 141.0019 135.0046 164.7567 435.3967 84.18738 79.46339 46.31187 92.96246 50.82354 32.25541 218.7648
5e-06 -1.9e-05 -5e-06 -1e-05 1.4e-05 -5e-06 -1.9e-05 -1e-05 0 5e-06 -5e-06 0 -5e-06 -1.4e-05 0 0 -1.4e-05 5e-06 0 5e-06 5e-06 5e-06 0 -1e-05 2.4e-05 5e-06 -1.4e-05 5e-06 0 1.4e-05 5e-06 1e-05 0 0 0 -1.4e-05 -1e-05 -5e-06 -5e-06 5e-06 1e-05 -1.4e-05 0 -1e-05 0 0.100265 209.1842 184.0228 43.80133 53.85383 701.4408 571.5883 252.7256 706.9714 349.4927 421.1374 396.9008 504.422 839.7557 368.0197 499.1032 424.3609 214.394 154.6265 365.1955 239.053 416.7868 222.7814 178.3168 86.65101 130.6673 143.5666 108.936 152.0849
0 1.4e-05 125.1861 5e-06 -5e-06 5e-06 1.4e-05 -1e-05 1e-05 0 2.4e-05 -5e-06 0 1e-05 -1e-05 0.025265 5e-06 -1e-05 -1e-05 131.0613 -5e-06 0 0.279845 0.502297 -1.2e-05 5e-06 1.4e-05 -5e-06 0 5e-06 5e-06 0 0 1e-05 -2.4e-05 0 1e-05 5e-06 -1e-05 0 -5e-06 0 7.768743 2.201216 231.7107 1.725515 84.20651 204.6764 369.3922 56.81003 111.5756 100.1733 103.4074 956.7039 197.1762 573.207 637.4453 630.9952 486.7073 525.8695 504.6131 446.794 514.3405 525.7898 624.7545 280.7216 293.6715 406.2695 483.619 602.9144 396.5893 606.1973 273.3102 209.798
1.4e-05 1e-05 1e-05 1e-05 1e-05 5e-06 1e-05 1.4e-05 5e-06 5e-06 1e-05 0 -1.4e-05 -1e-05 0.321867 7.361513 17.72608 20.10978 16.02209 7.346624 0.865657 1.646597 0.824445 0.346093 -5e-06 1e-05 0.00507 5e-06 0 -5e-06 5e-06 0 0 -5e-06 -5e-06 5e-06 -1e-05 -1.4e-05 -1e-05 1e-05 0.308139 85.3025 91.06071 127.4606 137.0752 334.9912 348.2532 100.1368 128.6268 92.48247 103.0022 197.021 158.9323 193.9599 176.232 502.498 788.5696 214.8818 661.4171 557.8547 210.4973 577.1287 644.557 556.2446 565.011 536.1053 588.2598 509.5785 503.8028 457.2269 498.5642 579.8326 497.8364 468.4458
0 -5e-06 1e-05 -1.9e-05 -1e-05 -1e-05 0 0 5e-06 0 5e-06 -2.4e-05 0 32.53743 65.09919 167.2072 125.0447 117.4128 217.5379 171.8046 162.7605 121.7113 101.5788 84.02558 55.74464 12.76433 1.773674 1.19927 0.489046 0.169189 -1.4e-05 1e-05 1.9e-05 -2.4e-05 2.4e-05 0 -1e-05 -5e-06 5e-06 1e-05 0.672016 1.687119 133.4953 194.7729 435.5101 434.6315 160.9273 114.0433 123.0391 137.8133 220.0841 339.2343 272.9782 171.8 258.6986 240.2461 816.4944 273.982 213.3709 211.7464 230.2394 215.0673 218.3498 235.8535 221.5558 227.6118 226.4355 216.3281 219.6938 201.2917 269.81 189.7377 211.2052 285.1749
24.16844 -5e-06 -1e-05 167.6817 0 5e-06 5e-06 -1.4e-05 -1.4e-05 5e-06 -1.9e-05 0.328888 86.00681 91.99287 218.3447 203.5799 281.866 351.5356 370.1946 387.1595 359.3685 328.1535 298.0961 231.4358 161.4122 104.1436 64.67891 14.84338 1.377768 1.277443 0.454515 5e-06 5e-06 1.9e-05 1e-05 -1e-05 1e-05 5e-06 -1e-05 0.118158 2.089525 18.78451 279.8005 263.3214 105.1752 96.16199 109.307 120.7761 128.8801 168.0676 213.2854 273.6674 278.1831 324.3447 301.564 300.8915 304.4079 282.5686 208.0634 250.052 243.4355 153.1904 140.0635 128.1315 139.5419 157.5883 141.4102 227.533 188.708 194.0483 255.1134 168.8114 188.2525 262.393
132.9833 60.77607 14.3497 19.52005 5e-06 -1e-05 -1e-05 -1e-05 -5e-06 0.789779 51.66144 59.85982 196.9368 283.5956 377.7693 436.7375 525.5548 555.4727 162.1294 153.8494 148.9388 145.3645 479.4758 396.276 316.7896 248.999 220.2309 152.7316 86.73525 24.27054 1.241983 0.493059 0.215836 5e-06 0 0.229909 0.04453 -2e-06 0.217266 12.99859 42.32156 76.84897 121.4513 88.01306 109.2649 138.277 189.8131 187.2911 300.7416 239.6387 245.7441 242.9304 239.1301 223.6908 225.7772 248.6385 216.6457 291.0991 223.4074 176.7236 167.0961 153.3054 144.8526 132.3255 128.0524 146.5704 104.5255 98.05406 94.47569 190.3344 106.4585 122.5817 126.5225 179.8416
95.53979 254.4135 142.5963 71.38933 18.21243 52.29916 0.202228 30.88843 10.43092 103.3047 87.66182 196.5212 376.3759 420.6832 124.4084 154.7046 183.2415 197.6186 796.7266 815.3997 807.6053 770.2483 644.1765 632.6168 568.8831 464.8352 365.465 217.5311 179.8678 116.1046 47.01326 11.43824 1.056968 44.0498 76.301 20.3701 32.79789 43.48545 46.29973 81.33875 108.6654 142.4407 169.2677 216.5452 187.0993 195.195 232.4486 235.399 299.3184 333.42 260.0211 256.3748 233.1282 209.7861 -9999 -9999 -9999 -9999 -9999 -9999 182.5096 -9999 -9999 -9999 -9999 -9999 -9999 -9999 -9999 -9999 -9999 105.6458 118.7371 183.1434
247.523 167.2752 105.0413 157.0863 85.17448 115.4522 136.3851 76.89651 171.2612 237.7135 287.5388 302.1171 440.9336 163.819 179.3007 194.9798 207.061 801.9214 923.2436 869.4926 913.0657 861.8767 783.5222 686.9135 556.4937 552.0555 508.1942 388.722 287.8962 178.6351 204.6136 139.2489 158.6529 204.7382 248.4532 76.66425 68.44609 121.0664 144.0393 169.7658 189.8882 272.6299 226.0861 256.9418 264.9024 256.8658 299.8413 391.8055 420.8792 320.2748 324.7625 252.4231 -9999 -9999 -9999 -9999 -9999 -9999 -9999 -9999 -9999 -9999 -9999 -9999 -9999 -9999 -9999 -9999 -9999 -9999 -9999 -9999 -9999 -9999
309.0184 350.5236 305.4556 127.5884 54.17872 180.271 359.2649 310.5167 303.4991 367.2705 441.0024 526.3023 163.881 179.8817 196.5869 731.5692 802.9671 913.7548 980.0563 1076.417 956.5526 1000.367 765.4373 878.7694 793.2641 707.9888 718.5472 597.3444 591.9666 460.3077 474.9318 421.4271 379.0717 370.8435 91.82954 128.3652 157.3292 205.0323 235.6601 268.5246 302.5183 311.4803 323.0519 380.586 376.299 367.5657 361.6174 471.4207 440.8539 314.2113 -9999 -9999 -9999 -9999 -9999 -9999 -9999 -9999 -9999 -9999 -9999 -9999 -9999 -9999 -9999 -9999 -9999 -9999 -9999 -9999 -9999 -9999 -9999 -9999
246.0286 572.5417 369.7286 336.184 439.896 241.024 311.5902 444.3123 442.6434 637.0099 708.2562 518.0502 798.1082 769.9573 801.1572 779.9028 794.046 900.8694 966.8115 949.2985 988.6547 828.3474 816.2016 856.5749 791.9273 904.3079 724.5674 515.5347 522.929 465.9778 379.3757 513.249 522.1497 565.6401 150.8836 191.9247 219.8966 275.7048 322.4209 356.6371 366.6481 394.7489 409.7986 469.0129 437.827 489.7143 675.5272 586.6145 -9999 -9999 -9999 -9999 -9999 -9999 -9999 -9999 -9999 -9999 -9999 -9999 -9999 -9999 -9999 -9999 -9999 -9999 -9999 -9999 -9999 -9999 -9999 -9999 -9999 -9999
468.9069 408.4345 478.4221 695.9243 494.9953 715.0575 460.2215 537.3694 617.8127 691.8827 793.0421 739.7427 796.1985 807.7946 804.0939 696.1874 624.5301 730.1012 776.4218 720.9524 858.3003 777.8293 819.7486 929.5662 758.205 778.6688 707.861 574.3249 564.5686 574.4478 550.7296 406.4312 552.223 617.9698 734.672 252.0017 302.2542 349.3094 389.4679 410.9923 490.7505 533.0251 566.5761 578.3121 875.5365 798.805 -9999 -9999 -9999 -9999 -9999 -9999 -9999 -9999 -9999 -9999 -9999 -9999 -9999 -9999 -9999 -9999 -9999 -9999 -9999 -9999 -9999 -9999 -9999 -9999 -9999 -9999 -9999 -9999
648.0565 684.1418 420.3733 488.4769 343.7899 668.0898 687.6606 759.4838 571.0326 579.7858 480.5665 794.1408 828.5626 758.7145 776.287 848.656 714.5081 647.9553 762.3055 761.7854 839.2933 903.0927 743.9335 700.0492 651.4821 634.7084 627.382 666.4973 630.5024 579.2841 439.1251 532.1345 495.3369 939.4973 924.1266 1043.895 313.7294 375.3068 404.8626 468.7927 502.3361 586.3419 621.4952 988.9702 941.0204 -9999 -9999 -9999 -9999 -9999 -9999 -9999 -9999 -9999 -9999 -9999 -9999 -9999 -9999 -9999 -9999 -9999 -9999 -9999 -9999 -9999 -9999 -9999 -9999 -9999 -9999 -9999 -9999 -9999
331.3203 334.3156 355.1218 374.1432 644.0746 537.5523 549.9279 447.9469 571.6532 465.1263 425.4521 610.8419 605.4663 690.9686 764.4958 858.2724 889.6185 802.6885 817.388 894.9109 849.4031 776.8649 911.1341 854.1807 738.2687 665.2924 734.6105 533.0311 568.1896 527.844 492.4392 538.5868 658.0736 860.6222 835.8431 1095.574 1341.199 428.9575 430.9507 482.5093 546.9294 592.9154 882.8911 867.4665 -9999 -9999 -9999 -9999 -9999 -9999 -9999 -9999 -9999 -9999 -9999 -9999 -9999 -9999 -9999 -9999 -9999 -9999 -9999 -9999 -9999 -9999 -9999 -9999 -9999 -9999 -9999 -9999 -9999 -9999
200.0966 388.2151 284.1578 417.7856 420.6931 439.9582 323.6507 223.2569 398.0209 333.429 343.1836 474.4362 515.7518 513.0568 738.2856 741.9432 411.7542 787.3466 402.7971 806.4755 412.6319 415.5625 763.7174 738.2582 833.9456 710.2101 407.1943 384.5957 472.5048 409.7953 892.2854 350.8506 367.7068 308.5886 1076.373 1139.765 1448.307 386.9904 477.7079 798.926 698.1694 712.0753 -9999 -9999 -9999 -9999 -9999 -9999 -9999 -9999 -9999 -9999 -9999 -9999 -9999 -9999 -9999 -9999 -9999 -9999 -9999 -9999 -9999 -9999 -9999 -9999 -9999 -9999 -9999 -9999 -9999 -9999 -9999 -9999
299.4902 319.0714 212.4058 270.7212 307.3208 240.0871 257.8467 261.0848 286.9585 278.7585 331.7605 323.4277 416.1143 435.1756 477.6342 654.8598 325.9242 305.5933 323.5516 324.0687 327.7165 291.1738 278.2709 317.937 326.0345 387.7943 382.8427 375.9301 358.5219 362.8123 348.2895 286.2675 327.0186 329.948 375.6158 418.6559 500.0744 476.0294 560.2693 598.058 -9999 -9999 -9999 -9999 -9999 -9999 -9999 -9999 -9999 -9999 -9999 -9999 -9999 -9999 -9999 -9999 -9999 -9999 -9999 -9999 -9999 -9999 -9999 -9999 -9999 -9999 -9999 -9999 -9999 -9999 -9999 -9999 -9999 -9999
217.9188 237.697 249.2758 287.9559 376.6338 239.3028 220.5629 234.4629 268.0234 315.5207 242.361 312.6181 326.8663 249.7134 247.7848 275.4031 286.0544 292.2363 242.5482 222.6096 253.0622 244.7958 241.8644 265.582 307.58 343.3478 340.8447 345.6314 331.4953 346.5277 408.8936 370.245 343.8638 417.3274 430.8741 536.523 361.8934 383.427 383.888 -9999 -9999 -9999 -9999 472.7015 -9999 -9999 -9999 -9999 -9999 -9999 -9999 -9999 -9999 -9999 -9999 -9999 -9999 -9999 -9999 -9999 -9999 -9999 -9999 -9999 -9999 -9999 -9999 -9999 -9999 -9999 -9999 -9999 -9999 -9999
144.5095 132.366 140.5319 348.2397 196.8764 314.9865 359.8776 294.9737 166.3084 146.6552 133.764 144.4484 136.2286 124.2524 131.8338 223.842 359.7086 240.3626 245.3408 222.0522 244.6649 239.7548 256.7017 220.1003 240.7411 259.5875 278.4004 289.7625 268.6326 300.6319 341.5637 352.9052 357.1891 346.4737 294.9522 307.7965 355.1283 451.4205 446.5712 361.3883 403.8163 369.3741 -9999 -9999 -9999 -9999 -9999 319.3193 -9999 -9999 -9999 -9999 -9999 160.6646 -9999 -9999 -9999 -9999 -9999 -9999 -9999 -9999 -9999 -9999 -9999 -9999 -9999 -9999 -9999 -9999 -9999 -9999 -9999 -9999
169.0967 44.32042 217.4304 242.8984 289.905 239.3468 108.1414 119.2818 112.4883 128.0478 98.49905 73.50153 80.62381 42.146 42.8297 49.53336 81.01553 98.29668 105.6377 98.09848 55.10036 114.8424 73.94617 187.2527 234.1313 197.5342 241.1565 284.9569 349.9987 356.514 413.5818 404.7123 429.3615 408.3993 427.6435 416.0069 519.7432 562.9622 412.0812 327.6862 308.8356 255.8423 367.1182 -9999 -9999 326.6378 263.2242 301.2513 260.696 -9999 -9999 -9999 -9999 146.0908 -9999 -9999 -9999 -9999 -9999 -9999 -9999 -9999 -9999 -9999 -9999 -9999 -9999 -9999 -9999 -9999 -9999 -9999 -9999 -9999
0.96855 18.60211 77.9024 114.5354 82.97001 105.2819 61.84831 75.62266 93.48166 101.757 158.1404 115.9755 116.8024 67.27035 6.793826 36.10233 1e-06 -7e-06 0 34.86971 80.62624 97.17396 58.64376 111.2926 144.871 159.5607 160.6478 189.8256 225.919 312.6574 402.0476 492.6124 536.8276 586.493 613.6976 540.0508 513.3947 479.1959 375.3204 267.187 234.1091 243.0126 245.5069 217.9196 276.6439 262.7576 288.3371 286.156 326.3243 369.333 -9999 -9999 114.4951 154.7698 -9999 -9999 -9999 -9999 -9999 -9999 -9999 -9999 -9999 -9999 -9999 -9999 -9999 -9999 -9999 -9999 -9999 -9999 -9999 -9999
2.18007 -1.4e-05 -5e-06 30.15822 57.05206 1.656878 44.62678 97.58649 80.77979 105.6979 132.4077 90.89974 80.15666 60.47795 14.60249 -5e-06 0 35.9544 0 20.00464 5.678062 61.04411 82.03499 71.7417 131.8032 138.7305 132.4074 170.3152 148.1304 242.1989 323.6422 397.1462 472.7874 517.1082 553.4027 492.196 485.8932 455.8152 371.7159 250.4535 203.5267 208.1484 303.7201 261.82 273.5345 312.2907 250.1318 259.9864 272.4987 274.015 -9999 -9999 184.7421 203.424 234.9234 -9999 -9999 -9999 -9999 -9999 -9999 -9999 -9999 -9999 -9999 -9999 -9999 -9999 -9999 -9999 -9999 -9999 -9999 -9999
-1.4e-05 -1.4e-05 -9e-06 0 2.290007 150.0313 48.88735 58.21205 109.5941 7.287663 84.55829 105.9864 106.0885 102.5468 38.49597 12.18017 10.76593 32.51936 8.973283 39.12509 36.38038 48.0493 77.06097 88.0211 98.80598 122.1552 118.2744 147.1673 132.8678 213.2879 266.2197 370.0502 433.893 512.8736 512.4675 465.7726 499.8392 352.2933 306.0515 235.5445 203.223 198.4872 337.588 349.1927 281.0042 337.6079 275.3225 246.5509 233.1188 317.9525 249.9185 222.8252 250.9974 254.0523 -9999 -9999 -9999 -9999 -9999 -9999 -9999 -9999 -9999 -9999 -9999 -9999 -9999 -9999 -9999 -9999 -9999 -9999 -9999 -9999
5e-06 -9e-06 9e-06 33.31059 82.23277 83.21545 99.816 78.69005 0 126.8141 123.4826 113.9008 87.53086 125.4664 83.07001 50.84911 53.41069 126.1022 68.2534 83.24134 66.48031 46.98689 106.2334 118.7729 131.2101 131.9807 110.9942 181.2072 189.8556 215.8281 331.8659 420.4278 420.9479 488.5717 455.3259 497.9597 489.1829 497.4361 340.1021 259.9962 221.235 225.4689 296.5574 326.2877 398.9884 421.6287 323.089 241.8192 193.5293 226.8901 -9999 -9999 281.0979 256.2722 -9999 -9999 -9999 -9999 -9999 -9999 -9999 -9999 -9999 -9999 -9999 -9999 -9999 -9999 -9999 -9999 -9999 -9999 -9999 -9999
5e-06 30.95506 62.40813 151.9972 13.23074 93.20211 0 1.807624 37.94324 46.04598 102.7536 134.7729 162.395 63.30857 76.93839 81.24595 98.39272 85.04943 62.03408 68.59581 109.9884 76.23156 105.8027 113.9284 102.7965 190.1122 252.5186 235.4978 238.0697 272.5646 404.7977 422.9669 406.9279 405.0663 449.4323 391.0543 434.0768 275.5483 316.0381 238.0994 236.4667 238.1646 322.442 380.5605 406.2816 390.7388 458.7988 408.1071 320.3626 -9999 -9999 -9999 379.6496 384.3761 396.9461 -9999 -9999 -9999 -9999 -9999 -9999 -9999 -9999 -9999 -9999 -9999 -9999 -9999 -9999 -9999 -9999 -9999 -9999 -9999
2e-06 -1e-05 11.39789 95.41457 3.132184 -4e-06 1.633424 15.4791 16.21938 31.07132 105.5291 116.3046 111.0999 129.4949 88.40548 101.3888 76.62365 82.32466 82.45372 84.15242 102.9937 155.0146 105.3318 107.6312 103.1848 136.5284 200.9322 247.4571 292.4641 433.2115 489.3605 481.3776 365.81 496.6293 509.4325 367.8528 350.8547 431.0662 404.1242 301.8192 561.2697 479.4105 268.8211 291.3804 433.616 510.5337 456.6736 443.3719 377.9363 -9999 -9999 -9999 524.2315 488.915 575.7395 -9999 -9999 -9999 -9999 -9999 -9999 -9999 -9999 -9999 -9999 -9999 -9999 -9999 -9999 -9999 -9999 -9999 -9999 -9999
-1e-06 5e-06 4e-06 -7e-06 -5e-06 -1e-05 -2e-06 -7e-06 1e-06 0 118.9446 109.4695 38.40956 76.28909 95.81763 82.81073 77.8309 78.92904 81.07634 128.2151 128.7808 198.7217 112.1387 134.308 149.5181 173.9431 233.6776 354.2237 402.6175 388.8815 498.1146 467.3896 427.0351 517.3738 595.9967 598.013 672.0292 673.2211 450.6991 546.3728 377.0802 322.1526 367.3733 532.0335 748.8261 682.2592 592.6873 536.4291 457.5102 -9999 -9999 -9999 483.335 468.8884 657.1779 566.6176 -9999 -9999 -9999 -9999 -9999 -9999 -9999 -9999 -9999 -9999 -9999 -9999 -9999 -9999 -9999 -9999 -9999 -9999
