Code/Input/cmp_ro.grd
ncols         720
nrows         277
xllcorner     -180
yllcorner     -55.5
cellsize      0.5
NODATA_value  -9999
[rows 198 to 230 of 277, columns 222 to 295 of 720]
319.5099 373.0046 327.2041 285.5896 198.2887 183.1849 197.0116 646.5845 821.3125 394.9426 315.6302 195.1409 15.91087 105.2117 89.38816 246.9582 161.1983 218.8409 77.88494 86.38464 88.56743 94.48519 112.8864 107.6659 139.9205 152.6717 187.5667 212.3433 205.685 222.8588 265.6505 522.3629 473.4625 498.1625 466.7677 498.232 247.5459 264.7692 639.9656 608.6973 627.3212 648.6473 698.8854 795.6483 365.3828 583.6696 392.6466 239.1164 245.1163 243.99 193.8595 106.6502 246.2127 137.5034 135.5188 86.59505 21.79612 80.91832 130.2913 238.8673 -9999 -9999 -9999 -9999 -9999 -9999 -9999 -9999 -9999 -9999 -9999 -9999 -9999 -9999
331.2671 229.1039 233.2036 359.0056 384.248 213.0374 126.6447 1543.166 932.7905 203.1063 122.2974 0.275154 3.456592 69.74582 81.79396 136.2238 120.6783 21.53729 21.45362 36.09092 73.5123 86.50001 94.28131 98.94157 131.9158 142.3033 172.6244 178.8414 175.4532 197.915 257.1943 527.3337 521.9423 519.0992 513.5648 490.6338 217.4937 577.3589 528.0784 510.2624 595.9674 643.381 760.8276 969.2249 547.0994 417.3929 282.9799 144.5862 234.2001 267.7198 226.9748 144.1083 226.8318 126.4117 67.63537 79.99213 142.8414 112.0072 135.8327 181.7888 -9999 -9999 -9999 -9999 -9999 -9999 -9999 -9999 -9999 -9999 -9999 -9999 -9999 -9999
149.7205 176.3286 114.9487 221.4753 262.0048 467.8197 283.3215 106.4342 22.96772 4.722963 37.28434 5e-06 16.78445 32.97978 25.97041 9.914032 3.966754 10.31441 17.32712 50.21997 51.65373 57.32774 67.05762 72.78701 107.7125 122.5798 145.5111 178.9682 194.6708 255.2198 307.7772 546.475 531.2332 552.6642 650.3473 622.9628 562.665 468.2535 511.4908 512.0667 611.1733 654.888 834.4333 1253.343 669.9283 464.9188 279.6764 156.6857 217.0203 239.8577 307.2049 296.9706 197.7626 171.9385 205.1711 226.0024 133.2193 144.6058 263.384 316.0179 -9999 -9999 -9999 -9999 -9999 -9999 -9999 -9999 -9999 -9999 -9999 -9999 -9999 -9999
110.22 86.11428 61.73573 111.3719 240.0959 160.2094 479.5999 139.6049 43.22223 276.3338 202.1964 184.1263 19.58954 15.78893 3.328437 -4e-06 7.514102 31.12637 -2e-06 28.21566 15.09685 20.25017 17.95147 49.42119 57.50166 72.9757 90.15672 143.7053 140.4299 190.0907 572.4479 523.0408 557.6292 617.5598 620.0778 600.861 524.5085 473.2302 413.9996 534.4556 603.1091 661.1336 770.9605 952.5468 466.005 376.0092 283.2888 297.606 262.8031 386.0041 486.3424 319.9922 253.1598 263.06 361.295 277.4591 173.8883 281.9576 336.752 485.0621 -9999 -9999 -9999 -9999 -9999 -9999 -9999 -9999 -9999 -9999 -9999 -9999 -9999 -9999
105.048 78.30595 80.19213 53.59789 173.6056 270.5761 136.8948 135.3291 188.128 420.2286 336.2777 28.10518 0.972734 1.246447 -1.4e-05 1.8e-05 -4e-06 13.76466 714.6126 0 0 15.56441 17.92184 32.06704 40.95861 55.8585 72.0032 254.2998 221.0724 328.5939 476.7103 174.8602 493.9479 543.8007 552.1933 444.9139 380.8241 404.9652 427.1398 444.5464 496.3846 592.647 603.6602 642.91 590.3412 244.2809 398.5899 303.5974 324.9098 309.7744 511.0837 638.0913 506.9339 467.6288 312.1808 340.997 241.0836 245.6365 280.8908 -9999 -9999 -9999 -9999 -9999 -9999 -9999 -9999 -9999 -9999 -9999 -9999 -9999 -9999 -9999
100.4674 84.43866 105.1561 -9999 21.60712 139.7968 255.0644 244.0119 236.73 362.781 288.3916 0 -5e-06 0 5e-06 -3e-06 -2e-06 1.4e-05 62.29508 -2.8e-05 206.5301 24.21001 6.341456 24.62866 31.21917 48.757 63.77628 71.60203 123.5015 256.8461 116.485 142.4047 472.5363 455.4318 357.8668 266.1548 278.3206 325.2616 390.7503 314.182 352.9234 536.3236 527.6371 525.5642 499.4093 427.4233 335.4823 322.5213 318.5715 338.5472 486.5591 786.2808 712.714 529.1103 312.3198 259.5187 286.3971 258.4697 328.6547 -9999 -9999 -9999 -9999 -9999 -9999 -9999 -9999 -9999 -9999 -9999 -9999 -9999 -9999 -9999
62.50014 80.35051 105.6535 103.5929 79.48261 116.4687 114.1922 160.1809 221.5462 154.9404 121.02 74.67337 -5e-06 2e-06 0 -7e-06 5e-05 2.8e-05 -7e-06 5.7e-05 497.0562 384.7439 7.762478 24.37712 32.92189 47.57126 64.84748 76.37704 353.4223 253.0815 107.0734 116.0414 104.8069 252.1469 231.6275 171.5323 253.9568 234.7739 317.0161 326.1978 356.1735 474.2878 536.3807 568.8887 614.8585 561.5184 354.2702 297.5786 324.4602 311.591 391.8756 723.6473 663.0534 384.9796 350.0085 241.8223 166.4866 224.1803 278.5844 -9999 -9999 -9999 -9999 -9999 -9999 -9999 -9999 -9999 -9999 -9999 -9999 -9999 -9999 -9999
0 22.66184 51.10614 -9999 38.99904 98.17228 113.6398 50.59695 36.34516 145.5221 143.1518 137.3289 4e-06 1.3e-05 -7e-06 5e-05 -0.000103 -0.000128 -4.3e-05 78.49827 34.78287 176.1973 12.09833 23.97734 35.22973 56.4634 76.4436 65.50032 69.31822 98.11941 92.96665 97.83392 74.74334 147.304 164.3162 141.4639 216.3871 207.4158 268.2988 339.6038 365.0844 470.405 453.0475 574.926 724.0962 625.1473 389.2398 336.632 327.2621 317.8044 340.2509 652.5519 605.1153 352.2783 316.2204 206.5452 184.5735 171.4261 -9999 -9999 -9999 -9999 -9999 -9999 -9999 -9999 -9999 -9999 -9999 -9999 -9999 -9999 -9999 -9999
0 2e-06 -9999 0 0 30.22444 23.16508 90.65903 116.0513 135.5224 104.0971 -1.7e-05 -6.2e-05 -7.1e-05 6.2e-05 -0.000101 -4e-06 6.4e-05 1.4e-05 -3.2e-05 -4.3e-05 -1.4e-05 64.40575 549.0782 47.1862 112.3141 79.17793 82.61018 97.50175 94.12413 72.7923 61.10558 59.6509 120.1399 129.1611 75.10728 92.66142 141.3625 161.0114 208.9749 228.1616 322.7484 348.884 422.0608 545.968 542.7214 507.1777 403.726 414.0231 413.1758 429.7226 688.9469 558.1512 473.9118 326.9967 349.9285 304.7931 -9999 -9999 -9999 -9999 -9999 -9999 -9999 -9999 -9999 -9999 -9999 -9999 -9999 -9999 -9999 -9999 -9999
0 -1e-06 3.605305 4e-06 -1e-06 23.91836 12.29288 23.57539 37.32829 17.77047 3e-06 -3e-06 -1e-06 1.2e-05 -2.1e-05 -4.8e-05 6.6e-05 -8.5e-05 -3.9e-05 7e-06 5e-06 -1.8e-05 34.58154 379.4636 1347.518 149.781 91.06286 93.24619 108.4983 116.7164 75.18373 62.01971 43.2483 44.58944 131.2526 74.21156 63.22136 87.38288 116.6106 158.0603 152.5125 256.0126 334.3239 415.3876 381.5385 427.7091 514.3883 567.8337 493.4851 496.3468 753.719 650.0036 544.7073 317.237 360.3021 30.63384 40.26849 -9999 -9999 -9999 -9999 -9999 -9999 -9999 -9999 -9999 -9999 -9999 -9999 -9999 -9999 -9999 -9999 -9999
1e-06 0 0 1e-06 13.52147 29.23709 -1e-06 18.42511 249.4406 108.4859 2e-06 -2e-06 -3e-06 -4e-06 -6e-06 0 -1e-06 1e-05 -6e-06 4e-06 5e-06 8.5e-05 47.01105 692.7365 294.4272 160.6587 79.68357 753.2966 650.2254 87.43192 59.21957 40.57052 45.86925 34.33201 29.02135 23.29665 20.77427 40.1576 71.60504 82.37056 190.91 236.4578 306.4488 382.2054 392.2297 445.7804 481.8837 490.0862 566.0787 497.755 527.6268 444.5945 368.5398 278.6265 180.8022 53.48624 -9999 -9999 -9999 -9999 -9999 -9999 -9999 -9999 -9999 -9999 -9999 -9999 -9999 -9999 -9999 -9999 -9999 -9999
0 -1e-06 2.308877 15.16497 45.9279 9.802281 44.73875 103.4691 205.542 825.8474 37.58784 5.081491 -6e-06 6e-06 4e-06 -5e-06 1.2e-05 1e-05 9e-06 -7e-06 1.6e-05 14.93984 43.31429 116.7906 276.0055 208.8502 299.8083 742.1631 615.5641 567.9662 64.43924 42.95457 27.91047 29.05969 20.30289 18.33625 31.95834 68.58746 71.73757 100.5015 142.5501 233.8082 291.7455 256.2634 470.1932 527.187 465.8285 478.6396 538.9899 578.769 481.8025 452.1924 354.5928 281.0677 289.8062 131.9832 -9999 -9999 -9999 -9999 -9999 -9999 -9999 -9999 -9999 -9999 -9999 -9999 -9999 -9999 -9999 -9999 -9999 -9999
0 0 1e-06 36.65183 88.69917 81.37417 88.79805 284.6467 534.3105 1168.774 29.50818 1e-06 8e-06 1e-06 7e-06 2e-06 -9e-06 2e-06 1.2e-05 1.4e-05 1.6e-05 28.90563 62.6071 59.45575 167.9034 277.9062 977.8438 626.3909 621.5541 557.124 447.5215 34.18028 25.06887 25.26224 12.71828 36.56963 65.34194 59.00712 66.65289 156.3192 151.2832 194.2574 333.8116 235.0993 373.3376 469.1733 436.7926 625.0455 1002.99 473.318 514.7637 621.7747 666.3503 689.3945 165.4349 -9999 -9999 -9999 -9999 -9999 -9999 -9999 -9999 -9999 -9999 -9999 -9999 -9999 -9999 -9999 -9999 -9999 -9999 -9999
0 0 0 11.28392 84.90576 90.56666 43.08958 100.8381 226.5669 3.7e-05 -2e-06 -7e-06 -1.3e-05 -1e-06 1e-06 -7e-06 2e-06 -5e-06 1e-06 -9e-06 -1.1e-05 1.560339 23.36809 110.4028 152.9161 296.6699 406.7977 105.6862 95.06879 593.3832 447.124 34.34195 37.61776 40.19609 54.26204 66.90919 72.93932 57.83731 42.40903 71.25082 69.6124 177.2928 212.4071 251.099 361.9905 438.912 453.2883 304.7443 734.7421 865.233 500.5147 387.5721 273.5354 12.78644 -9999 -9999 -9999 -9999 -9999 -9999 -9999 -9999 -9999 -9999 -9999 -9999 -9999 -9999 -9999 -9999 -9999 -9999 -9999 -9999
0 0 1e-06 24.93625 79.34106 88.4149 65.47438 0.386393 75.6719 0 5e-06 -4e-06 -1e-05 3e-06 1e-05 0 -6e-06 0 -1.1e-05 -7e-06 6e-06 29.56008 31.18328 90.76177 98.88344 185.28 325.8767 118.5051 98.29736 104.4884 93.35748 78.95342 71.75642 87.0681 135.0642 171.0417 132.8919 83.11907 59.77861 55.25974 71.92696 84.38738 135.7633 124.1375 424.5953 439.0094 311.9415 650.6191 732.2394 -9999 -9999 -9999 -9999 -9999 -9999 -9999 -9999 -9999 -9999 -9999 -9999 -9999 -9999 -9999 -9999 -9999 -9999 -9999 -9999 -9999 -9999 -9999 -9999 -9999
0 -9999 -9999 228.8935 150.4809 134.8857 197.1772 106.1131 1.976387 4e-06 -3e-06 1.2e-05 0 -5e-06 1e-05 1e-05 9e-06 0 1e-06 -1.4e-05 0 7.638086 52.87663 95.52462 101.013 189.2435 290.9401 124.8407 129.5619 164.3568 198.1452 208.7307 175.3611 429.9979 494.6183 458.6535 519.1039 126.0906 86.75565 53.88021 39.45085 100.6958 101.7045 385.0499 660.7402 2961.693 1370.45 -9999 -9999 -9999 -9999 -9999 -9999 -9999 -9999 -9999 -9999 -9999 -9999 -9999 -9999 -9999 -9999 -9999 -9999 -9999 -9999 -9999 -9999 -9999 -9999 -9999 -9999 -9999
0 0 127.3981 364.7294 0 45.18915 52.41978 78.66735 -3e-06 39.30891 -4e-06 2e-06 0 -4e-06 -5e-06 -2e-06 7e-06 -6e-06 -4e-06 7e-06 -6e-06 25.99309 129.1403 233.5643 199.969 254.7155 356.2314 513.3441 647.6194 693.4151 778.5235 805.055 848.9228 684.0249 616.9093 554.3549 474.1141 476.1094 165.711 112.951 135.6332 130.3229 306.9459 549.0839 -9999 -9999 -9999 -9999 -9999 -9999 -9999 -9999 -9999 -9999 -9999 -9999 -9999 -9999 -9999 -9999 -9999 -9999 -9999 -9999 -9999 -9999 -9999 -9999 -9999 -9999 -9999 -9999 -9999 -9999
0 1e-06 -9999 378.9696 17.2381 17.51916 30.19926 10.60429 1.912002 -1e-05 6e-06 1e-05 6e-06 -6e-06 -1e-06 1.3e-05 -7e-06 -2e-06 -2e-06 4.040721 6.396267 24.88512 140.9473 253.9849 258.6057 369.5002 515.9892 620.5441 696.4786 737.0078 874.2671 963.7015 870.8348 836.631 796.785 658.9011 651.2291 539.1759 518.1105 323.4529 532.1989 656.9334 638.6495 -9999 -9999 -9999 -9999 -9999 -9999 -9999 -9999 -9999 -9999 -9999 -9999 -9999 -9999 -9999 -9999 -9999 -9999 -9999 -9999 -9999 -9999 -9999 -9999 -9999 -9999 -9999 -9999 -9999 -9999 -9999
1e-06 1e-06 5.638062 148.735 12.88341 6.055762 15.15656 0 0 -1e-06 -3e-06 -3e-06 -5e-06 -7e-06 -6e-06 -1.3e-05 -1.1e-05 2e-06 -2e-06 12.12085 20.95906 47.00788 113.0336 303.6784 299.7957 401.7404 557.7527 609.3107 673.3558 725.3272 800.5722 904.3024 865.9859 1024.723 923.133 904.5787 741.2691 484.3251 624.924 443.925 666.3875 914.9761 -9999 -9999 -9999 -9999 -9999 -9999 -9999 -9999 -9999 -9999 -9999 -9999 -9999 -9999 -9999 -9999 -9999 -9999 -9999 -9999 -9999 -9999 -9999 -9999 -9999 -9999 -9999 -9999 -9999 -9999 -9999 -9999
0 -1e-06 -3e-06 113.1483 9.364577 1.556138 0 25.63805 18.14952 -1.3e-05 -5e-06 3e-06 -8e-06 -4e-06 -5e-06 -1e-06 7e-06 1.3e-05 -4e-06 38.66148 84.89572 125.0487 198.5038 287.8678 330.0514 430.4403 538.1054 646.8575 673.0385 768.534 737.6039 861.0089 750.33 692.9667 715.3795 638.1593 518.4577 414.6846 395.4225 441.5145 758.3318 -9999 -9999 -9999 -9999 -9999 -9999 -9999 -9999 -9999 -9999 -9999 -9999 -9999 -9999 -9999 -9999 -9999 -9999 -9999 -9999 -9999 -9999 -9999 -9999 -9999 -9999 -9999 -9999 -9999 -9999 -9999 -9999 -9999
-1e-06 -9999 3e-06 39.41708 250.5193 7.908552 33.28107 2e-06 0 -1.2e-05 -4e-06 0 3e-06 1e-05 -7e-06 4e-06 -1e-05 2e-06 4e-06 73.73463 108.4293 166.4302 214.6465 353.7905 364.7872 417.9647 524.4171 678.4318 616.4693 742.4717 925.7526 982.2379 899.8802 908.3029 834.5248 692.9312 510.8812 435.6538 402.6224 541.688 839.6518 -9999 -9999 -9999 -9999 -9999 -9999 -9999 -9999 -9999 -9999 -9999 -9999 -9999 -9999 -9999 -9999 -9999 -9999 -9999 -9999 -9999 -9999 -9999 -9999 -9999 -9999 -9999 -9999 -9999 -9999 -9999 -9999 -9999
0 2e-06 0.391193 53.03404 110.9077 6e-06 361.2085 425.1759 24.48789 4e-06 0 -3e-06 -4e-06 -2e-06 8e-06 1.1e-05 0 -4e-06 4.145426 110.9299 155.4858 185.2525 254.6022 398.059 420.0911 480.3415 590.2036 607.8985 621.39 914.3301 961.6576 1231.55 1533.837 1769.95 1535.788 1344.999 699.4374 858.7963 694.0472 573.1257 696.2285 -9999 -9999 -9999 -9999 -9999 -9999 -9999 -9999 -9999 -9999 -9999 -9999 -9999 -9999 -9999 -9999 -9999 -9999 -9999 -9999 -9999 -9999 -9999 -9999 -9999 -9999 -9999 -9999 -9999 -9999 -9999 -9999 -9999
-2e-06 1e-06 1e-06 87.47148 9e-06 160.531 9e-06 97.51642 2e-06 -4e-06 -3e-06 -3e-06 -9e-06 5e-06 2e-06 -1.1e-05 -8e-06 4e-06 41.42347 166.9004 198.3659 241.2113 288.4004 243.3651 401.9738 479.0851 571.3482 669.439 792.8308 828.9979 988.7715 1011.02 1223.427 786.6433 769.8171 1282.892 648.0301 1002.507 804.7775 781.5486 728.7442 -9999 -9999 -9999 -9999 -9999 -9999 -9999 -9999 -9999 -9999 -9999 -9999 -9999 -9999 -9999 -9999 -9999 -9999 -9999 -9999 -9999 -9999 -9999 -9999 -9999 -9999 -9999 -9999 -9999 -9999 -9999 -9999 -9999
0 2e-06 0 -3e-06 4e-06 -5e-06 81.22994 4e-06 -1.1e-05 2e-06 3e-06 -8e-06 7e-06 -7e-06 6e-06 -8e-06 25.43798 40.0053 83.63784 152.818 154.7452 230.7932 565.6664 407.3577 480.3477 525.6155 739.0756 800.2822 815.0818 922.952 1033.158 1083.855 1118.68 691.4362 671.9209 632.1251 603.3043 540.1149 599.5406 945.6205 835.6499 -9999 -9999 -9999 -9999 -9999 -9999 -9999 -9999 -9999 -9999 -9999 -9999 -9999 -9999 -9999 -9999 -9999 -9999 -9999 -9999 -9999 -9999 -9999 -9999 -9999 -9999 -9999 -9999 -9999 -9999 -9999 -9999 -9999
24.45713 -1e-06 1e-06 4e-06 4e-06 0 7e-06 4e-06 0 0 2e-06 -3e-06 -7e-06 6e-06 2e-06 3.355858 32.82058 59.2122 85.06934 79.65382 44.83759 181.3778 296.884 370.9702 463.3286 545.2257 684.0791 813.4787 886.761 949.6343 1001.142 969.0055 970.9045 554.726 661.7561 659.9329 616.751 624.2843 703.7914 758.9395 669.8447 -9999 -9999 -9999 -9999 -9999 -9999 -9999 -9999 -9999 -9999 -9999 -9999 -9999 -9999 -9999 -9999 -9999 -9999 -9999 -9999 -9999 -9999 -9999 -9999 -9999 -9999 -9999 -9999 -9999 -9999 -9999 -9999 -9999
0 -1e-06 -3e-06 2e-06 1e-06 2e-06 -4e-06 -1.2e-05 6e-06 -9999 4e-06 0 3e-06 -2e-06 8e-06 6.406887 45.1438 85.00548 136.1572 92.0136 103.5847 190.3835 261.7975 375.2979 497.5724 568.8876 652.6863 807.7958 903.4763 971.2744 967.9301 898.6592 882.259 968.5713 1041.869 955.9973 1028.88 1126.971 606.2736 563.6363 -9999 -9999 -9999 -9999 -9999 -9999 -9999 -9999 -9999 -9999 -9999 -9999 -9999 -9999 -9999 -9999 -9999 -9999 -9999 -9999 -9999 -9999 -9999 -9999 -9999 -9999 -9999 -9999 -9999 -9999 -9999 -9999 -9999 -9999
2e-06 1e-06 0 -1e-06 -7e-06 -5e-06 2e-06 1.2e-05 -9999 1.1e-05 1e-06 0 -7e-06 5.692031 2e-06 11.67117 38.61402 49.21913 194.2314 84.95347 123.2306 220.2832 305.6583 404.4758 492.3062 609.8018 496.0268 533.8813 583.242 641.9336 632.7241 708.9546 650.1763 493.629 794.26 738.5129 1343.131 1513.349 700.3616 -9999 -9999 -9999 -9999 -9999 -9999 -9999 -9999 -9999 -9999 -9999 -9999 -9999 -9999 -9999 -9999 -9999 -9999 -9999 -9999 -9999 -9999 -9999 -9999 -9999 -9999 -9999 -9999 -9999 -9999 -9999 -9999 -9999 -9999 -9999
1e-06 -1e-06 3e-06 3e-06 -3e-06 3e-06 -1e-06 -3e-06 -9999 -5e-06 -4e-06 0 7.940513 23.34051 2.665588 15.21319 34.3735 37.58126 46.53737 53.18359 121.6475 246.7153 321.6534 447.3251 514.9192 642.4009 592.6401 522.1015 522.0701 557.6304 812.6187 659.863 475.0546 313.0518 451.4234 532.7314 853.5963 1092.35 -9999 -9999 -9999 -9999 -9999 -9999 -9999 -9999 -9999 -9999 -9999 -9999 -9999 -9999 -9999 -9999 -9999 -9999 -9999 -9999 -9999 -9999 -9999 -9999 -9999 -9999 -9999 -9999 -9999 -9999 -9999 -9999 -9999 -9999 -9999 -9999
-2e-06 -1e-06 -4e-06 -6e-06 4e-06 -4e-06 -1e-06 -9999 1.1e-05 -4e-06 1e-05 0 14.80715 31.90429 12.57407 29.14123 41.22781 49.96218 40.67795 40.44011 123.8553 231.3388 216.6074 334.0019 448.8957 494.2846 435.0655 487.2786 469.6531 665.0555 708.4142 639.3895 611.7924 597.9713 510.208 350.0969 554.5468 722.1205 -9999 -9999 -9999 -9999 -9999 -9999 -9999 -9999 -9999 -9999 -9999 -9999 -9999 -9999 -9999 -9999 -9999 -9999 -9999 -9999 -9999 -9999 -9999 -9999 -9999 -9999 -9999 -9999 -9999 -9999 -9999 -9999 -9999 -9999 -9999 -9999
1e-06 0 1e-06 -4e-06 -4e-06 2e-06 7e-06 -5e-06 -3e-06 7e-06 -1e-06 0 21.26525 2e-06 -9999 50.3545 49.37017 54.38735 84.20011 90.9725 153.0727 246.7617 317.4078 394.3393 451.5821 513.3285 463.9027 432.6774 411.1189 437.4169 637.1487 647.3535 705.8902 632.6981 554.2686 -9999 -9999 -9999 -9999 -9999 -9999 -9999 -9999 -9999 -9999 -9999 -9999 -9999 -9999 -9999 -9999 -9999 -9999 -9999 -9999 -9999 -9999 -9999 -9999 -9999 -9999 -9999 -9999 -9999 -9999 -9999 -9999 -9999 -9999 -9999 -9999 -9999 -9999 -9999
2e-06 1e-06 1e-06 -1e-06 1e-06 4e-06 5e-06 10.86533 170.8538 5e-06 -4e-06 -9e-06 0.201889 4e-06 52.06056 54.40353 56.40463 57.10477 78.50732 115.7476 172.5141 213.1397 403.3242 408.6258 444.3113 549.0994 733.9977 412.6743 373.9025 400.0072 590.1366 623.2126 688.676 660.6114 -9999 -9999 -9999 -9999 -9999 -9999 -9999 -9999 -9999 -9999 -9999 -9999 -9999 -9999 -9999 -9999 -9999 -9999 -9999 -9999 -9999 -9999 -9999 -9999 -9999 -9999 -9999 -9999 -9999 -9999 -9999 -9999 -9999 -9999 -9999 -9999 -9999 -9999 -9999 -9999
3e-06 -1e-06 -2e-06 -3e-06 0 -2e-06 -4e-06 9e-06 148.0989 1e-06 0 9e-06 1.041073 19.41034 48.00018 52.94632 74.36017 83.17834 91.37852 118.4848 159.2779 230.4093 314.8039 339.4611 383.5489 503.501 456.4758 441.8514 511.011 511.7651 488.791 595.0238 642.7687 648.336 -9999 -9999 -9999 -9999 -9999 -9999 -9999 -9999 -9999 -9999 -9999 -9999 -9999 -9999 -9999 -9999 -9999 -9999 -9999 -9999 -9999 -9999 -9999 -9999 -9999 -9999 -9999 -9999 -9999 -9999 -9999 -9999 -9999 -9999 -9999 -9999 -9999 -9999 -9999 -9999
-5e-06 0 -5e-06 8e-06 -1e-06 7e-06 0 -6e-06 4e-06 -4e-06 -7e-06 0 4e-06 6.132126 22.33986 28.63111 46.8828 83.8905 79.00309 114.1556 144.693 185.237 244.1974 201.0303 222.1807 259.9706 465.5913 374.9308 407.2642 371.1513 401.2491 507.3101 523.8569 503.9417 -9999 -9999 -9999 -9999 -9999 -9999 -9999 -9999 -9999 -9999 -9999 -9999 -9999 -9999 -9999 -9999 -9999 -9999 -9999 -9999 -9999 -9999 -9999 -9999 -9999 -9999 -9999 -9999 -9999 -9999 -9999 -9999 -9999 -9999 -9999 -9999 -9999 -9999 -9999 -9999
