Code/Input/cmp_ro.grd
ncols         720
nrows         277
xllcorner     -180
yllcorner     -55.5
cellsize      0.5
NODATA_value  -9999
[rows 33 to 65 of 277, columns 74 to 147 of 720]
0.000112 2.8e-05 -2.8e-05 -2.5e-05 115.3732 184.7405 150.2941 151.7645 0.55909 2.7e-05 5.321902 314.0829 -4e-05 0.581499 49.48124 31.07665 57.76854 59.46785 2e-06 0 -6e-06 -6e-06 7.560032 5.144064 5.601515 5.932079 14.25383 21.82614 10.03215 30.10724 80.65291 12.36919 17.01567 24.25328 9.910005 10.23123 376.4966 371.0404 366.324 360.1031 356.1274 349.9101 344.4866 336.3902 329.0898 319.1186 311.7104 302.5767 295.6026 293.769 296.2404 -8e-06 2.5e-05 0.76829 7.525934 4.920925 1.688131 1.954664 33.93093 70.6298 37.54429 44.47858 40.8529 38.06794 37.37748 36.76199 36.41515 31.67636 29.60208 29.77316 27.79622 21.6596 116.176 203.1834
2.5e-05 1.2e-05 -1.2e-05 3.7e-05 119.5628 331.0146 186.5108 241.899 252.3619 18.77647 2e-06 0 2e-06 2e-06 0 -2e-06 6e-06 0 0 -2e-06 7.764259 6.219336 6e-06 18.54004 0.194795 2.4e-05 2.4e-05 -4.7e-05 2.4e-05 -2.4e-05 0 -9.5e-05 0 28.8613 21.51808 19.18003 3.250926 8.072725 -3.3e-05 3.142472 13.37404 362.2927 346.3319 339.2009 332.8646 325.5899 318.6712 -8e-06 299.5838 293.0819 -1.7e-05 8e-06 -2.5e-05 0 11.05318 38.25288 6.762856 0 0.078993 13.43083 38.7273 38.76814 14.75456 38.65429 37.50337 7.570432 14.31789 38.31058 34.43513 34.86959 144.8346 136.6217 127.6443 136.235
0 -2.5e-05 0 1.2e-05 211.3937 141.1471 34.45799 35.97507 35.38271 36.09921 27.41874 38.92982 31.41985 33.63123 40.77909 0 9.572049 31.59148 130.3526 82.67938 148.1377 134.1198 154.941 29.7856 1520.891 1585.81 1675.484 412.2036 578.9226 4.7e-05 -2.4e-05 2.4e-05 0 221.9956 1.7e-05 -8e-06 -2.5e-05 7.991447 -1.7e-05 5.767259 359.0433 357.0312 352.982 8.162966 354.4697 337.3206 0 0 323.7287 1.7e-05 -8e-06 8e-06 -2.5e-05 -2.5e-05 2.5e-05 -1.7e-05 4e-06 32.9978 -6e-06 686.2816 3.8e-05 350.1312 356.9432 46.60709 47.35316 48.06123 47.69154 48.93026 48.53214 210.9837 195.7945 160.2294 158.8314 154.3319
713.748 244.0025 703.6596 0 -9e-06 254.6443 489.6582 346.2569 300.0163 283.9106 73.00021 50.83203 47.63746 36.84274 52.6307 90.96911 104.5887 51.89746 47.85997 49.10198 127.6324 169.8975 135.1035 182.0906 185.7047 1304.576 781.2759 1969.122 2242.042 1366.635 887.8801 444.1812 1.113607 -2.5e-05 0 -1.7e-05 0 -1.7e-05 -3.3e-05 3.880555 0.802538 1.026656 0 -1.7e-05 -1.7e-05 0.05951 11.96937 18.68894 1.7e-05 1.7e-05 2.5e-05 0 -3.3e-05 0 1.7e-05 0 3e-05 -1e-05 4.6e-05 1.5e-05 -3.1e-05 -8e-06 7.7e-05 377.5237 384.8128 48.47071 48.749 48.75048 217.4031 218.3413 208.1591 211.0059 216.1123 213.3983
356.4585 417.1323 0 2.858187 79.9245 67.11363 0 125.9171 408.5771 136.4273 99.36642 52.46672 77.55161 62.14506 101.2839 100.1519 140.9027 138.476 262.463 282.6692 95.33112 155.3147 173.1702 155.8428 662.6986 733.3466 294.0648 825.1972 808.8156 336.1021 258.3814 172.1612 624.2167 141.0044 71.79715 0 3.3e-05 78.65376 132.5775 1.7e-05 19.36821 15.46164 -1.7e-05 2.284872 3.75965 15.12442 6.680618 1.173447 3e-05 -1.7e-05 2.5e-05 350.9316 -2.5e-05 -2.5e-05 -2e-05 -3e-05 -2e-05 1e-05 -3e-05 0 -1e-05 -4.6e-05 -2.3e-05 -4.6e-05 408.1451 290.6513 56.7271 292.6708 483.5252 271.0594 267.8048 258.6418 217.4716 215.978
205.197 87.56487 105.452 64.23955 112.2356 0.807755 0 0 20.38211 0.389492 7e-06 14.13775 78.21063 66.98919 -7e-06 -7e-06 35.38452 375.8356 0 0 267.9751 418.1406 478.3072 585.1467 1172.491 738.9348 792.0529 858.5853 409.4835 728.4382 746.9655 566.3959 564.4877 156.7023 245.5488 86.7593 -2.5e-05 0 76.58388 89.26877 15.59213 23.77272 24.15918 62.31076 8.934004 8.206323 12.43572 36.82633 4.671203 2e-05 -3e-05 0 -1.7e-05 -2e-05 1e-05 -1e-05 3e-05 3e-05 0 1e-05 3e-05 -2e-05 0 490.7198 -3e-05 1e-05 2.5e-05 1e-05 279.3769 273.5225 271.5078 487.4831 167.6098 163.9487
7e-06 0 7e-06 2.984559 0.418143 0.864263 46.5302 0 3e-06 7e-06 1.155465 0.357305 0.242221 0 159.5515 163.7905 138.0401 -1.9e-05 1.8e-05 203.968 193.2912 477.0776 454.6855 288.3632 829.7557 950.7401 510.5927 538.2438 905.0679 323.0737 564.5568 905.2299 395.2237 481.4157 406.0795 263.8703 252.3965 60.10306 0 24.26689 16.02653 53.90876 28.383 40.11202 19.3145 12.06342 5.966622 1e-05 2e-05 483.5798 477.7383 2e-05 -2e-05 -3e-05 0 0 2e-05 4e-05 3e-05 1e-05 -1e-05 -5e-05 -1e-05 0 -1.5e-05 0 -2e-05 -2e-05 1.5e-05 3e-05 493.3148 172.5342 168.4204 163.1268
213.8022 1.092588 7e-06 177.7538 116.7987 35.34217 112.7483 493.9074 326.3252 95.06098 2.7e-05 -2.7e-05 0 -3.8e-05 -2.8e-05 2.8e-05 -1.4e-05 167.705 0 53.47809 437.5888 224.7944 114.2205 570.5912 334.1409 680.3928 581.4715 330.6493 307.203 407.6746 982.459 630.7976 418.8953 692.7969 827.0327 381.4393 414.0102 112.5532 85.1524 -4.1e-05 -8e-06 43.33983 1.7e-05 7.957682 5.120789 1.479209 0.518438 -1.7e-05 0 0 -1e-05 -1e-05 -5e-06 0 415.0916 -5e-06 0 -3e-05 -5e-05 1e-05 2e-05 -3e-05 1e-05 479.3401 496.7787 484.2527 498.8416 483.9193 -4e-05 1e-05 -2e-05 170.8721 305.3291 163.9278
1027.94 1338.265 615.0485 494.6063 148.6133 96.14414 53.54328 82.09799 31.65319 67.5556 60.96895 218.817 1.3e-05 15.66731 1.3e-05 0 94.76804 267.4088 1.9e-05 128.5032 54.78104 258.1719 60.24215 198.5975 486.1922 603.592 739.8951 411.5316 440.5249 352.6618 411.0764 732.1046 554.1306 459.1747 399.4516 400.5547 166.1208 237.8742 -1.7e-05 -8e-06 -1.7e-05 -8e-06 -1.7e-05 35.5531 69.5634 84.89765 6.581413 -1.7e-05 -8e-06 -8e-06 0 8e-06 0 -3e-05 2e-05 2e-05 298.8647 298.3449 12.53782 348.9246 -1e-05 496.2071 501.9536 510.2152 2e-05 2e-05 1.5e-05 -1.5e-05 1e-05 -1e-05 -1.5e-05 3e-06 -6e-06 294.2214
784.9101 659.9042 795.3137 681.4964 -9999 423.2303 333.6079 155.9746 113.2795 24.80299 2e-06 4e-06 -4e-05 0.968953 -2.7e-05 -1.3e-05 0.029025 -4e-05 632.5773 711.6433 458.193 453.4695 49.79216 113.7906 514.3208 692.9005 159.4426 375.9171 343.6424 318.5201 320.8226 401.9029 290.0713 330.7014 373.7923 431.7747 451.8218 144.344 140.3672 169.459 71.98328 247.6618 18.79364 1.7e-05 1.7e-05 1.7e-05 -2.5e-05 8e-06 -1.7e-05 -8e-06 3.3e-05 1.7e-05 -8e-06 -2e-05 1e-05 401.4543 398.8554 401.974 410.2907 417.5677 425.7162 421.9175 1e-05 3e-05 2e-05 1e-05 -3e-05 1e-05 0 -3e-05 -1e-05 1e-05 0 1e-05
855.2509 1075.701 1157.506 1990.548 0 1441.044 1148.483 662.8182 330.1859 444.9555 127.6272 102.6994 60.04679 67.51527 32.76262 -1e-06 338.2802 0 702.4357 0 124.0376 108.4914 164.5577 260.3383 517.5908 273.2452 282.8634 107.0367 460.1806 165.5069 505.0789 319.9569 366.1731 232.0579 298.7745 301.4214 396.1122 353.7277 0 78.02018 8e-06 35.45412 -2.5e-05 7.866473 2.5e-05 3.3e-05 1.7e-05 8e-06 1.7e-05 -8e-06 0 -1e-05 414.3198 457.5408 485.9136 484.187 476.4404 477.5158 482.837 -2e-05 221.3504 217.7314 213.4358 -3e-05 1e-05 3e-05 2e-05 -4e-05 -3e-05 -1e-05 1e-05 -3e-05 1e-05 2e-05
1931.982 2065.218 -9999 -9999 -9999 -9999 -9999 -9999 1186.631 528.7539 53.86012 49.94019 179.3285 112.0697 69.15709 47.65093 75.79493 0 -1.3e-05 633.5333 125.6918 66.99931 134.058 136.4512 240.2484 116.1167 295.5365 64.7972 214.767 396.0953 231.8207 302.1448 407.8995 283.0057 280.6017 260.1016 255.0962 290.8647 30.65589 1.7e-05 264.532 240.323 143.2421 512.9854 88.21372 43.24775 5.726425 0 -1.7e-05 0 413.3672 3e-05 1e-05 4e-05 5e-05 -2e-05 -2e-05 3e-05 1e-05 2e-05 4e-05 225.0664 223.4673 2e-05 3e-05 41.43591 0.242817 2.024059 4.619649 -1e-05 4.826953 0.070539 -1e-05 -2e-06
2810.863 -9999 -9999 -9999 -9999 -9999 -9999 -9999 -9999 -9999 690.959 476.5269 499.7557 559.9427 472.9007 288.6673 -2e-06 -1.2e-05 117.1046 215.0768 118.5757 151.6587 215.284 206.3807 390.6808 343.975 80.99547 68.05256 298.896 92.34057 325.3981 400.6913 365.8869 326.2282 329.4147 179.1034 288.7452 133.5443 33.7327 4.564324 479.6497 293.1591 181.8148 256.7957 175.5775 214.4549 6.041841 2e-05 -3e-05 -1e-05 10.95824 146.3245 -2e-05 -1e-05 3.983271 4.51102 2.164701 0.054875 2e-05 -2e-05 -1e-05 0 -1e-05 -1e-05 -2e-05 2e-05 22.53151 49.39826 53.47666 4.281278 17.32371 17.38923 1.35788 9.204379
-9999 -9999 -9999 -9999 -9999 -9999 -9999 3181.431 -9999 -9999 1358.506 901.178 907.0629 653.2162 -9999 484.5095 628.4855 296.0808 67.86265 252.618 311.8141 239.3914 404.4947 378.392 472.1238 419.8936 312.0209 223.3692 312.9178 122.6969 342.0059 235.7622 394.4772 495.1363 406.7281 364.8537 198.6514 183.9817 77.28751 82.10085 74.40369 119.9476 214.7314 78.70358 66.56401 15.72467 31.56356 104.5927 70.58968 124.6181 77.66986 0 -3e-05 0 0 34.74353 38.03843 2.471464 4.925242 3e-05 2e-05 0 0 2e-05 1e-05 -2.1e-05 58.66623 456.999 2.1e-05 33.14082 11.33808 -2.1e-05 1.904492 485.259
-9999 -9999 -9999 -9999 -9999 -9999 -9999 -9999 -9999 -9999 -9999 1299.004 -9999 929.4646 759.8789 1055.224 1352.995 1060.742 954.8248 355.4508 950.3775 848.3289 652.522 577.7272 684.9343 492.5573 378.0385 363.4661 521.465 329.2268 220.1898 360.5148 472.1891 533.9037 324.0423 228.5876 199.5793 126.5663 52.96258 112.3058 51.7011 111.8675 123.4268 111.735 134.3718 30.57596 169.2597 68.61652 31.59039 2e-05 -2e-05 -2e-05 0 178.6859 257.3773 249.4025 202.3715 174.6579 0 -7e-06 0 0 2.1e-05 -5.3e-05 2.1e-05 2.1e-05 450.3464 425.1908 394.082 359.3466 -2.1e-05 -4.2e-05 -4.2e-05 2.1e-05
-9999 -9999 -9999 -9999 -9999 -9999 -9999 -9999 -9999 -9999 1832.065 1931.215 -9999 1259.489 -9999 1175.12 1448.774 -9999 -9999 818.6127 677.8795 527.8184 378.4508 232.7999 304.3183 354.3432 198.285 410.9461 459.2631 492.0222 373.8378 222.5667 404.6374 612.5995 311.8822 389.1992 419.7281 256.8778 113.7181 78.26984 72.45634 50.1116 75.0404 70.29338 103.6785 25.51044 2e-05 9.898251 0 2e-05 0 -2e-05 255.6815 4.492363 24.2708 107.0796 77.20998 2.2e-05 -7e-06 1.5e-05 -2.1e-05 504.294 -1.1e-05 460.2623 464.2721 479.8065 0 -2.1e-05 0 -2.1e-05 33.38661 31.0407 24.2696 51.77706
-9999 -9999 -9999 -9999 -9999 -9999 -9999 -9999 -9999 -9999 -9999 -9999 -9999 2078.95 -9999 -9999 -9999 2210.521 2202.306 1858.315 1501.81 648.3135 281.9551 437.3654 58.13606 183.1915 414.1132 165.9099 251.9993 230.0741 232.4856 515.9274 622.7157 533.8978 590.6457 509.2688 681.0583 282.4169 293.6824 301.6548 68.47887 65.47373 38.14342 42.01092 22.9963 53.53634 22.21406 2e-05 0 2.448077 0 -1.5e-05 -1.5e-05 0 0 0 -2.2e-05 1.1e-05 0 0 22.51897 33.79806 -2.1e-05 -2.1e-05 0 0 -3.2e-05 46.76431 49.02931 48.48442 4.800188 148.8804 197.1191 3.573904
-9999 -9999 -9999 -9999 -9999 -9999 -9999 -9999 -9999 -9999 -9999 -9999 -9999 -9999 -9999 1879.322 -9999 1675.163 -9999 1697.534 -9999 738.0103 779.152 487.7342 267.6077 399.1196 401.3843 531.8883 623.3724 547.2476 553.0073 450.7816 400.1191 544.9991 320.8023 363.8297 440.4711 367.2623 395.4121 130.8868 115.1221 75.5285 90.00902 69.99415 44.37153 61.23058 413.2859 151.4366 7.686368 78.40822 0 -1.5e-05 -1.5e-05 54.54658 123.2304 0 0 -2.1e-05 185.4346 316.5028 362.8657 426.6193 113.4601 2.1e-05 -2.1e-05 548.8569 189.8947 254.6166 133.3498 122.4662 102.0132 126.9444 138.8463 182.7343
-9999 -9999 -9999 -9999 -9999 -9999 -9999 -9999 -9999 -9999 -9999 -9999 -9999 -9999 -9999 2589.986 -9999 1915.786 -9999 1545.608 -9999 -9999 2741.243 1577.782 1245.305 1112.482 1282.503 885.4575 1403.292 1463.937 1092.505 1598.898 1273.759 934.3384 458.4453 155.6745 443.1563 443.8169 417.0389 260.4152 133.2283 249.7499 112.5777 93.37219 103.8914 88.12821 72.60252 55.65312 173.3888 56.60635 -2.9e-05 -4.4e-05 2.9e-05 1.5e-05 26.19873 -1.5e-05 0 135.8086 295.6019 291.5822 258.5881 239.1525 75.49953 82.89302 285.4742 149.9032 87.27386 146.6242 123.9836 127.5141 112.2007 60.99676 486.8198 548.8569
-9999 -9999 -9999 -9999 -9999 -9999 -9999 -9999 -9999 -9999 -9999 -9999 -9999 -9999 -9999 -9999 -9999 -9999 2015.63 -9999 2422.494 2743.358 2416.778 -9999 2563.834 2482.111 1394.38 1366.582 1285.295 1109.058 1597.598 1872.437 1289.107 865.0249 369.5454 389.1028 91.95654 393.7747 364.2496 439.1079 149.5986 78.36092 92.26768 56.31264 33.69495 59.59193 162.9816 138.0489 105.3104 28.36264 1.5e-05 7e-06 0 1.5e-05 0 0 131.0547 164.1125 89.57984 120.8723 116.0108 155.8259 172.6595 151.6858 90.67776 83.83183 59.23627 47.46458 26.15998 38.3712 48.63038 101.3946 133.7758 136.3248
-9999 -9999 -9999 -9999 -9999 -9999 -9999 -9999 -9999 -9999 -9999 -9999 -9999 -9999 -9999 -9999 -9999 -9999 -9999 2749.007 -9999 2107.629 2342.301 2409.698 2359.191 -9999 1495.656 1379.054 1082.128 1756.578 1338.801 880.5012 1102.958 638.7137 526.4963 409.542 378.3331 287.3655 388.3029 331.3373 329.5472 101.3885 50.71924 -5e-06 0 56.97973 70.97469 57.46803 80.43753 101.3394 0 1.5e-05 0 0 4.438978 41.73099 94.93125 99.86153 108.9947 174.9241 128.5576 140.8616 149.5848 198.7313 75.10021 67.00114 33.13658 19.55191 32.20709 173.1452 58.69617 168.2673 129.3848 157.0047
-9999 -9999 -9999 -9999 -9999 -9999 -9999 -9999 -9999 -9999 -9999 -9999 -9999 -9999 -9999 -9999 -9999 -9999 -9999 -9999 2264.1 -9999 2677.703 3092.816 2405.042 1995.858 -9999 1210.265 928.8425 1344.471 838.8378 566.4048 551.3271 551.679 302.3022 283.8216 207.22 365.316 72.26054 258.9231 319.0037 137.874 243.7042 78.98229 139.3037 184.2863 195.452 76.38054 10.81007 9e-06 -9e-06 0.994209 22.33007 62.29005 166.6996 140.2085 167.9525 154.9805 143.3774 103.9137 98.85394 126.228 157.5714 102.6256 82.82184 70.08445 30.55409 12.32815 13.90493 162.2946 47.79156 83.42656 61.16378 121.5663
-9999 -9999 -9999 -9999 -9999 -9999 -9999 -9999 -9999 -9999 -9999 -9999 -9999 -9999 -9999 -9999 -9999 -9999 -9999 -9999 3135.267 2556.748 -9999 2965.227 2562.602 2141.132 1676.589 1217.555 881.4403 825.7163 183.9605 285.4933 325.2222 194.7567 289.0935 296.1021 302.0688 226.4352 166.1664 96.91115 301.682 303.2899 425.5076 272.7155 298.9999 202.3894 112.3035 95.82886 45.02605 27.91854 76.38776 62.35804 114.3455 79.09338 112.64 132.6322 55.58839 61.06243 72.76348 133.2554 117.0836 72.02855 62.3634 149.42 66.03529 42.98015 27.88819 31.96204 5.302297 3.368498 18.02964 80.00066 85.30952 86.19167
-9999 -9999 -9999 -9999 -9999 -9999 -9999 -9999 -9999 -9999 -9999 -9999 -9999 -9999 -9999 -9999 -9999 -9999 -9999 -9999 -9999 -9999 -9999 -9999 -9999 -9999 1826.321 1394.184 939.0451 525.4044 634.0369 202.8161 198.6782 166.1256 136.1906 265.0525 581.335 151.3584 128.7149 179.2174 322.3956 317.1467 324.9936 417.695 662.7599 353.2968 234.8217 128.4538 111.9301 106.9366 71.43317 98.61491 128.4401 190.6487 318.3292 223.0473 133.0668 79.93331 132.1453 132.5133 132.8312 50.29981 112.1167 2.8e-05 0 0 4.299151 23.39974 60.55567 0 2.653349 154.9604 47.98594 125.4693
-9999 -9999 -9999 -9999 -9999 -9999 -9999 -9999 -9999 -9999 -9999 -9999 -9999 -9999 -9999 -9999 -9999 -9999 -9999 -9999 -9999 -9999 -9999 -9999 -9999 2041.911 1797.974 1325.541 834.3846 616.2007 480.5732 335.8179 307.7353 280.6549 159.5589 157.9977 152.7471 1.714978 53.95924 151.3013 242.9454 297.8611 344.6015 428.2141 461.9903 487.6936 457.7665 311.4247 214.0826 245.9511 219.2331 195.4248 189.9511 157.8798 193.2919 137.2611 136.9277 111.6989 68.28102 40.47781 10.27023 128.1887 0 0 0 -7e-06 0.787423 23.1855 2.331471 7e-06 -7e-06 7e-06 8.407911 40.82967
-9999 -9999 -9999 -9999 -9999 -9999 -9999 -9999 -9999 -9999 -9999 -9999 -9999 -9999 -9999 -9999 -9999 -9999 -9999 -9999 1389.872 1209.387 -9999 -9999 -9999 -9999 1628.125 1450.64 1051.986 974.1077 1007.855 915.8307 274.1123 223.0217 273.6501 244.0063 114.6427 119.8198 59.41572 208.6848 296.2778 351.3328 387.3152 577.2737 512.6302 631.5894 504.9845 609.2202 352.9521 212.7322 195.9516 166.1368 208.1434 166.6917 171.9679 152.0791 120.7085 57.45133 55.67186 28.33619 17.7153 13.27284 12.72766 0 5.02774 -4e-06 14.04281 31.81254 31.62173 24.37912 0 0 0 63.43177
-9999 -9999 -9999 -9999 -9999 -9999 -9999 -9999 -9999 -9999 -9999 -9999 -9999 -9999 -9999 -9999 -9999 -9999 -9999 -9999 -9999 -9999 -9999 -9999 -9999 -9999 -9999 -9999 1940.585 2005.418 1786.999 2084.828 1512.246 925.9058 754.686 557.2599 315.1053 185.1092 136.9086 211.2821 159.868 304.9206 767.6657 713.0761 684.3545 511.9921 477.1494 446.3759 444.9678 118.9323 92.18681 195.6538 245.5965 235.2008 211.8204 178.8228 78.36057 48.10433 84.64874 42.07016 13.07963 1.699212 1.538544 8.958108 1.849446 25.41408 4.8e-05 0 76.24791 69.28917 194.5413 0 0 4.8e-05
-9999 -9999 -9999 -9999 -9999 -9999 -9999 -9999 -9999 -9999 -9999 -9999 -9999 -9999 -9999 -9999 -9999 -9999 -9999 -9999 -9999 -9999 -9999 -9999 -9999 -9999 -9999 -9999 2595.89 2918.564 3012.324 2422.728 1496.629 1178.337 1182.984 872.0483 518.6677 296.6541 173.9033 122.8875 127.9447 296.4617 1006.239 1256.736 996.7785 818.7189 863.8261 98.65348 340.6578 281.1521 330.1569 459.7273 253.1889 191.2054 157.0904 140.6316 136.0584 112.7108 95.71305 36.55494 12.92047 -5e-06 0 0 0 0 0.594431 0 4.8e-05 -4.8e-05 4.8e-05 4.8e-05 0 0
-9999 -9999 -9999 -9999 -9999 -9999 -9999 -9999 -9999 -9999 -9999 -9999 -9999 -9999 -9999 -9999 -9999 -9999 -9999 -9999 -9999 -9999 -9999 -9999 -9999 -9999 -9999 -9999 -9999 -9999 3852.5 -9999 1351.872 610.1144 361.2362 289.2825 224.6513 69.07005 40.93991 3e-06 0 -1.6e-05 0 303.455 283.3343 0 268.7197 252.7297 412.1473 823.2239 700.0547 453.5208 433.037 310.3073 218.4488 161.8844 87.48201 74.67841 116.0426 22.99873 4.964806 18.42505 2e-06 5e-06 0 -9999 4e-06 -4e-06 0 0 7.1e-05 -4.8e-05 1.1e-05 -1.1e-05
-9999 -9999 -9999 -9999 -9999 -9999 -9999 -9999 -9999 -9999 -9999 -9999 -9999 -9999 -9999 -9999 -9999 -9999 -9999 -9999 -9999 -9999 -9999 -9999 -9999 -9999 -9999 -9999 -9999 -9999 2537.885 2470.985 1943.027 1335.088 717.2402 406.2216 69.22195 139.4598 60.28941 1e-06 5e-06 26.32188 0 5e-06 0 0.148667 -1.1e-05 349.4357 443.7191 1371.938 1566.135 1434.497 915.2752 545.0376 272.9142 134.6472 77.89034 63.91121 33.2509 3e-06 12.77498 -9999 9.987801 -2e-06 -2e-06 8e-06 -2e-06 -9999 -7.1e-05 0 2.4e-05 0 3e-06 1.1e-05
-9999 -9999 -9999 -9999 -9999 -9999 -9999 -9999 -9999 -9999 -9999 -9999 -9999 -9999 -9999 -9999 -9999 -9999 -9999 -9999 -9999 -9999 -9999 -9999 -9999 -9999 -9999 -9999 -9999 -9999 -9999 1879.744 1966.82 1576.183 -9999 -9999 515.0839 460.4242 240.0372 355.8959 337.554 193.2265 1.6e-05 5e-06 -5e-06 123.9813 203.1068 534.0787 1535.092 1270.847 2680.607 2015.502 225.7372 915.1329 356.9713 246.2494 119.906 84.02829 26.56655 1.140843 16.07593 -6e-06 4e-06 -4e-06 1e-06 3e-06 -4e-06 -1e-06 6e-06 3e-06 -1e-06 -3e-06 0 -3e-06
-9999 -9999 -9999 -9999 -9999 -9999 -9999 -9999 -9999 -9999 -9999 -9999 -9999 -9999 -9999 -9999 -9999 -9999 -9999 -9999 -9999 -9999 -9999 -9999 -9999 -9999 -9999 -9999 -9999 -9999 -9999 -9999 1556.473 1688.547 1567.58 1476.634 1117.821 -9999 -9999 1127.219 728.3843 212.7242 229.5379 -3e-06 -3e-06 -1.1e-05 2.2e-05 10.69105 846.94 2646.127 1081.751 1681.688 1014.828 142.5108 474.6194 215.6874 302.7192 152.0188 105.6389 1.591883 5e-06 0 0 -3e-06 3e-06 6e-06 1e-06 1e-06 -4e-06 -3e-06 1e-06 1e-06 0 -3e-06
-9999 -9999 -9999 -9999 -9999 -9999 -9999 -9999 -9999 -9999 -9999 -9999 -9999 -9999 -9999 -9999 -9999 -9999 -9999 -9999 -9999 -9999 -9999 -9999 -9999 -9999 -9999 -9999 -9999 -9999 1950.617 2000.573 1712.72 1796.083 1443.109 -9999 -9999 605.6191 713.5479 743.571 635.7031 1001.182 402.5559 -1.4e-05 -3e-06 -5e-06 164.0475 14.4536 7e-06 1225.453 546.7305 1173.822 835.6943 530.1567 123.4985 471.4128 355.4041 307.6428 156.389 49.11837 -1e-05 0 0 -5e-06 2e-06 0 -9999 -4e-06 0 2.76851 -3e-06 0 -9999 1e-05
